     0.00000000      0.00000000
     0.70088157      0.70146397
     0.70059425      0.70089393
     0.70069509      0.70110794
     0.70057107      0.70082721
     0.70046722      0.70072563
     0.70048395      0.70073318
     0.70056276      0.70086099
     0.70065752      0.70099961
     0.70070377      0.70106691
     0.70075207      0.70115139
     0.70080599      0.70132443
     0.70084032      0.70126963
     0.70087228      0.70133128
     0.70074198      0.70114484
     0.70060567      0.70094304
     0.70100955      0.70162039
     0.70077318      0.70126056
     0.70171893      0.70262926
     0.70166282      0.70255578
     0.70154248      0.70234810
     0.70151293      0.70230585
     0.70047705      0.70068664
     0.70048130      0.70069109
     0.70048394      0.70068798
     0.70105956      0.70163830
     0.70099229      0.70153650
     0.70096899      0.70149618
     0.70121556      0.70187698
     0.70145768      0.70226187
     0.70127450      0.70197312
     0.70135833      0.70209099
     0.70169100      0.70260865
     0.70174958      0.70269777
     0.70179508      0.70278410
     0.70183883      0.70282970
     0.70179918      0.70276825
     0.70178039      0.70273607
     0.70199280      0.70307238
     0.70185160      0.70284844
     0.70193540      0.70298375
     0.70187759      0.70289946
     0.70204173      0.70315501
     0.70155913      0.70240183
     0.70161280      0.70250577
     0.70140494      0.70217459
     0.70111479      0.70173778
     0.70109713      0.70173100
     0.70070791      0.70111562
     0.70110472      0.70158919
