           1.0000000           2.0000000           0.0000000           0.0000000           0.0000000           2.0000000          14.0000000          14.0000000
           2.0000000        5780.0000000        7125.0000000           3.3592875         184.6600000           2.0000000          14.0000000          14.0000000
           3.0000000        5781.0000000        7130.0000000           3.4160826         184.6600000           2.0000000          14.0000000          14.0000000
           4.0000000        5786.0000000        7155.0000000           3.6275641         184.6600000           2.0000000          14.0000000          14.0000000
           5.0000000        5788.0000000        7164.0000000           4.3074633         184.6600000           2.0000000          14.0000000          14.0000000
           6.0000000        5790.0000000        7174.0000000           4.3080011         184.6600000           2.0000000          14.0000000          14.0000000
           7.0000000        5791.0000000        7179.0000000           4.3123326         184.6600000           2.0000000          14.0000000          14.0000000
           8.0000000        5793.0000000        7189.0000000           4.3108933         184.6600000           2.0000000          14.0000000          14.0000000
           9.0000000        5794.0000000        7194.0000000           4.3126546         184.6600000           2.0000000          14.0000000          14.0000000
          10.0000000        5795.0000000        7199.0000000           4.3117891         184.6600000           2.0000000          14.0000000          14.0000000
          11.0000000        5796.0000000        7204.0000000           4.3071173         184.6600000           2.0000000          14.0000000          14.0000000
          12.0000000        5797.0000000        7209.0000000           4.3041792         184.6600000           2.0000000          14.0000000          14.0000000
          13.0000000        5798.0000000        7214.0000000           4.3008438         184.6600000           2.0000000          14.0000000          14.0000000
          14.0000000        5799.0000000        7219.0000000           4.2960454         184.6600000           2.0000000          14.0000000          14.0000000
          15.0000000        5800.0000000        7224.0000000           4.2907882         184.6600000           2.0000000          14.0000000          14.0000000
          16.0000000        5803.0000000        7239.0000000           4.2773877         184.6600000           2.0000000          14.0000000          14.0000000
          17.0000000        5813.0000000        7290.0000000           3.3482542         184.6600000           2.0000000          14.0000000          14.0000000
          18.0000000        6001.0000000        2803.0000000           2.0568710         184.6600000           2.0000000          14.0000000          14.0000000
          19.0000000        6002.0000000        2726.0000000           2.0377558         184.6600000           2.0000000          14.0000000          14.0000000
          20.0000000        6524.0000000        4208.0000000           1.5741813         184.6600000           2.0000000          14.0000000          14.0000000
          21.0000000        6559.0000000        7099.0000000           3.6939299         184.6600000           2.0000000          14.0000000          14.0000000
          22.0000000        6569.0000000        7109.0000000           3.8383223         184.6600000           2.0000000          14.0000000          14.0000000
          23.0000000        6589.0000000        7123.0000000           5.2540511         184.6600000           2.0000000          14.0000000          14.0000000
          24.0000000        6594.0000000        7128.0000000           5.3053566         184.6600000           2.0000000          14.0000000          14.0000000
          25.0000000        6645.0000000       22710.0000000           4.3522594         184.6600000           2.0000000          14.0000000          14.0000000
          26.0000000        6649.0000000        7188.0000000           5.5380626         184.6600000           2.0000000          14.0000000          14.0000000
          27.0000000        6655.0000000       23144.0000000           4.4339395         184.6600000           2.0000000          14.0000000          14.0000000
          28.0000000        6660.0000000       22316.0000000           4.4164756         184.6600000           2.0000000          14.0000000          14.0000000
          29.0000000        6665.0000000       21113.0000000           4.7029674         184.6600000           2.0000000          14.0000000          14.0000000
          30.0000000        6670.0000000       20629.0000000           4.9718486         184.6600000           2.0000000          14.0000000          14.0000000
          31.0000000        6723.0000000        9026.0000000           3.6024096         184.6600000           2.0000000          14.0000000          14.0000000
          32.0000000        6728.0000000        9025.0000000           3.5321104         184.6600000           2.0000000          14.0000000          14.0000000
          33.0000000        6733.0000000        9024.0000000           3.4922958         184.6600000           2.0000000          14.0000000          14.0000000
          34.0000000        6738.0000000        9023.0000000           3.4682805         184.6600000           2.0000000          14.0000000          14.0000000
          35.0000000        6748.0000000        9084.0000000           3.7550830         184.6600000           2.0000000          14.0000000          14.0000000
          36.0000000        6749.0000000        7289.0000000           4.1411648         184.6600000           2.0000000          14.0000000          14.0000000
          37.0000000        6753.0000000        9083.0000000           3.7275665         184.6600000           2.0000000          14.0000000          14.0000000
          38.0000000        6758.0000000        9082.0000000           3.7178299         184.6600000           2.0000000          14.0000000          14.0000000
          39.0000000        6759.0000000        7299.0000000           4.1055087         184.6600000           2.0000000          14.0000000          14.0000000
          40.0000000        6768.0000000        9018.0000000           3.3858935         184.6600000           2.0000000          14.0000000          14.0000000
          41.0000000        6778.0000000        9079.0000000           3.6238064         184.6600000           2.0000000          14.0000000          14.0000000
          42.0000000        6889.0000000        7430.0000000           2.7456755         184.6600000           2.0000000          14.0000000          14.0000000
          43.0000000        6989.0000000        7032.0000000           2.0129288         184.6600000           2.0000000          14.0000000          14.0000000
          44.0000000        6990.0000000           0.0000000           0.0000000           0.0000000           2.0000000          14.0000000          14.0000000
          45.0000000        6991.0000000           0.0000000           0.0000000           0.0000000           2.0000000          14.0000000          14.0000000
          46.0000000        6992.0000000        6989.0000000           1.7552560         184.6600000           2.0000000          14.0000000          14.0000000
          47.0000000        7000.0000000        7004.0000000           2.5832906         184.6600000           2.0000000          14.0000000          14.0000000
          48.0000000        7001.0000000        7004.0000000           2.6222214         184.6600000           2.0000000          14.0000000          14.0000000
          49.0000000        9448.0000000        7336.0000000           3.4265242         184.6600000           2.0000000          14.0000000          14.0000000
          50.0000000        9449.0000000        7337.0000000           3.9837748         184.6600000           2.0000000          14.0000000          14.0000000
          51.0000000        9510.0000000        7471.0000000           3.1482444         184.6600000           2.0000000          14.0000000          14.0000000
          52.0000000        9511.0000000        7472.0000000           3.1918556         184.6600000           2.0000000          14.0000000          14.0000000
          53.0000000        9512.0000000        7473.0000000           3.2573197         184.6600000           2.0000000          14.0000000          14.0000000
          54.0000000        9513.0000000        7326.0000000           3.4307361         184.6600000           2.0000000          14.0000000          14.0000000
          55.0000000        9514.0000000        7321.0000000           3.4398730         184.6600000           2.0000000          14.0000000          14.0000000
          56.0000000        9515.0000000        7316.0000000           3.4610255         184.6600000           2.0000000          14.0000000          14.0000000
          57.0000000        9570.0000000       17157.0000000           3.1833040         184.6600000           2.0000000          14.0000000          14.0000000
          58.0000000        9571.0000000       17157.0000000           3.2987108         184.6600000           2.0000000          14.0000000          14.0000000
          59.0000000        9572.0000000       17008.0000000           3.1744896         184.6600000           2.0000000          14.0000000          14.0000000
          60.0000000        9573.0000000       17518.0000000           3.1787600         184.6600000           2.0000000          14.0000000          14.0000000
          61.0000000        9574.0000000       17538.0000000           3.2613159         184.6600000           2.0000000          14.0000000          14.0000000
          62.0000000        9575.0000000       17365.0000000           3.1780540         184.6600000           2.0000000          14.0000000          14.0000000
          63.0000000        9631.0000000       17459.0000000           3.1883429         184.6600000           2.0000000          14.0000000          14.0000000
          64.0000000        9632.0000000       17176.0000000           3.2943460         184.6600000           2.0000000          14.0000000          14.0000000
          65.0000000        9633.0000000       17176.0000000           3.2868177         184.6600000           2.0000000          14.0000000          14.0000000
          66.0000000        9634.0000000       17237.0000000           3.2393765         184.6600000           2.0000000          14.0000000          14.0000000
          67.0000000        9635.0000000       17390.0000000           3.1778331         184.6600000           2.0000000          14.0000000          14.0000000
          68.0000000        9692.0000000       17355.0000000           3.0971187         184.6600000           2.0000000          14.0000000          14.0000000
          69.0000000        9693.0000000       17386.0000000           3.1005419         184.6600000           2.0000000          14.0000000          14.0000000
          70.0000000        9694.0000000       17229.0000000           3.1987072         184.6600000           2.0000000          14.0000000          14.0000000
          71.0000000        9695.0000000       17176.0000000           3.2397892         184.6600000           2.0000000          14.0000000          14.0000000
          72.0000000        9696.0000000       17237.0000000           3.2955354         184.6600000           2.0000000          14.0000000          14.0000000
          73.0000000        9755.0000000       17289.0000000           3.0813457         184.6600000           2.0000000          14.0000000          14.0000000
          74.0000000        9756.0000000       16964.0000000           3.1596508         184.6600000           2.0000000          14.0000000          14.0000000
          75.0000000        9817.0000000       17366.0000000           3.0420878         184.6600000           2.0000000          14.0000000          14.0000000
