           1.0000000         830.0000000        1516.0000000           1.7368656         171.6200000           2.0000000          14.0000000          14.0000000
           2.0000000         836.0000000        1475.0000000           1.9992709         171.6200000           2.0000000          14.0000000          14.0000000
           3.0000000         837.0000000        1468.0000000           2.0438942         171.6200000           2.0000000          14.0000000          14.0000000
           4.0000000         840.0000000        1456.0000000           3.1638727         171.6200000           2.0000000          14.0000000          14.0000000
           5.0000000         970.0000000        1484.0000000           2.9131563         171.6200000           2.0000000          14.0000000          14.0000000
           6.0000000         977.0000000        1482.0000000           1.9588165         171.6200000           2.0000000          14.0000000          14.0000000
           7.0000000         998.0000000        1503.0000000           1.8648878         171.6200000           2.0000000          14.0000000          14.0000000
           8.0000000      135877.0000000      139882.0000000           3.9394213         171.6200000           2.0000000          14.0000000          14.0000000
           9.0000000      135892.0000000      139779.0000000           3.2117835         171.6200000           2.0000000          14.0000000          14.0000000
          10.0000000      135899.0000000      139777.0000000           3.1416615         171.6200000           2.0000000          14.0000000          14.0000000
          11.0000000      135906.0000000      139776.0000000           3.0883185         171.6200000           2.0000000          14.0000000          14.0000000
          12.0000000      135912.0000000      139772.0000000           3.2587245         171.6200000           2.0000000          14.0000000          14.0000000
          13.0000000      135913.0000000      139773.0000000           3.1401294         171.6200000           2.0000000          14.0000000          14.0000000
          14.0000000      135919.0000000      139770.0000000           3.3015105         171.6200000           2.0000000          14.0000000          14.0000000
          15.0000000      135920.0000000      139771.0000000           3.2268429         171.6200000           2.0000000          14.0000000          14.0000000
          16.0000000      135927.0000000      139769.0000000           3.2778865         171.6200000           2.0000000          14.0000000          14.0000000
          17.0000000      135934.0000000      139768.0000000           3.2260588         171.6200000           2.0000000          14.0000000          14.0000000
