           1.0000000           2.0000000           0.0000000           0.0000000           0.0000000           2.0000000          14.0000000          14.0000000
           2.0000000          47.0000000       17661.0000000           2.8722729          23.7000000           2.0000000          14.0000000          14.0000000
           3.0000000        4036.0000000       17660.0000000           3.0774513          23.7000000           2.0000000          14.0000000          14.0000000
           4.0000000        4037.0000000       17643.0000000           3.2303416          23.7000000           2.0000000          14.0000000          14.0000000
           5.0000000        4113.0000000       17661.0000000           2.8059188          23.7000000           2.0000000          14.0000000          14.0000000
           6.0000000        4258.0000000        2241.0000000           7.7085622          23.7000000           2.0000000          14.0000000          14.0000000
           7.0000000        4259.0000000        2236.0000000           7.6375103          23.7000000           2.0000000          14.0000000          14.0000000
           8.0000000        4260.0000000        2231.0000000           7.5686057          23.7000000           2.0000000          14.0000000          14.0000000
           9.0000000        4261.0000000        2226.0000000           7.4997963          23.7000000           2.0000000          14.0000000          14.0000000
          10.0000000        4262.0000000        2221.0000000           7.4309302          23.7000000           2.0000000          14.0000000          14.0000000
          11.0000000        4264.0000000        2210.0000000           6.8173156          23.7000000           2.0000000          14.0000000          14.0000000
          12.0000000        4265.0000000        2205.0000000           6.7446645          23.7000000           2.0000000          14.0000000          14.0000000
          13.0000000        4267.0000000        2195.0000000           6.6016179          23.7000000           2.0000000          14.0000000          14.0000000
          14.0000000        4269.0000000        2185.0000000           6.4592206          23.7000000           2.0000000          14.0000000          14.0000000
          15.0000000        4272.0000000        2169.0000000           5.8120064          23.7000000           2.0000000          14.0000000          14.0000000
          16.0000000        4279.0000000        2497.0000000           7.0494519          23.7000000           2.0000000          14.0000000          14.0000000
          17.0000000        4284.0000000       17643.0000000           3.2151232          23.7000000           2.0000000          14.0000000          14.0000000
          18.0000000        4285.0000000       17660.0000000           2.9636449          23.7000000           2.0000000          14.0000000          14.0000000
          19.0000000        4335.0000000        7215.0000000           3.6218534          23.7000000           2.0000000          14.0000000          14.0000000
          20.0000000        4336.0000000        7220.0000000           3.6116804          23.7000000           2.0000000          14.0000000          14.0000000
          21.0000000        4337.0000000        7225.0000000           3.6002867          23.7000000           2.0000000          14.0000000          14.0000000
          22.0000000        4338.0000000        7230.0000000           3.5893980          23.7000000           2.0000000          14.0000000          14.0000000
          23.0000000        4482.0000000        2701.0000000           3.7132623          23.7000000           2.0000000          14.0000000          14.0000000
          24.0000000        4483.0000000        2700.0000000           3.7171431          23.7000000           2.0000000          14.0000000          14.0000000
          25.0000000        4484.0000000        4182.0000000           4.0071334          23.7000000           2.0000000          14.0000000          14.0000000
          26.0000000        5779.0000000        7120.0000000           3.3044975          23.7000000           2.0000000          14.0000000          14.0000000
          27.0000000        5780.0000000        7125.0000000           3.3592875          23.7000000           2.0000000          14.0000000          14.0000000
          28.0000000        5781.0000000        7130.0000000           3.4160826          23.7000000           2.0000000          14.0000000          14.0000000
          29.0000000        5782.0000000        7135.0000000           3.4649193          23.7000000           2.0000000          14.0000000          14.0000000
          30.0000000        5783.0000000        7140.0000000           3.5108377          23.7000000           2.0000000          14.0000000          14.0000000
          31.0000000        5784.0000000        7145.0000000           3.5567431          23.7000000           2.0000000          14.0000000          14.0000000
          32.0000000        5785.0000000        7150.0000000           3.5954875          23.7000000           2.0000000          14.0000000          14.0000000
          33.0000000        5787.0000000        7159.0000000           4.3042880          23.7000000           2.0000000          14.0000000          14.0000000
          34.0000000        5790.0000000        7174.0000000           4.3080011          23.7000000           2.0000000          14.0000000          14.0000000
          35.0000000        5791.0000000        7179.0000000           4.3123326          23.7000000           2.0000000          14.0000000          14.0000000
          36.0000000        5793.0000000        7189.0000000           4.3108933          23.7000000           2.0000000          14.0000000          14.0000000
          37.0000000        5794.0000000        7194.0000000           4.3126546          23.7000000           2.0000000          14.0000000          14.0000000
          38.0000000        5795.0000000        7199.0000000           4.3117891          23.7000000           2.0000000          14.0000000          14.0000000
          39.0000000        5796.0000000        7204.0000000           4.3071173          23.7000000           2.0000000          14.0000000          14.0000000
          40.0000000        5797.0000000        7209.0000000           4.3041792          23.7000000           2.0000000          14.0000000          14.0000000
          41.0000000        5798.0000000        7214.0000000           4.3008438          23.7000000           2.0000000          14.0000000          14.0000000
          42.0000000        5799.0000000        7219.0000000           4.2960454          23.7000000           2.0000000          14.0000000          14.0000000
          43.0000000        5800.0000000        7224.0000000           4.2907882          23.7000000           2.0000000          14.0000000          14.0000000
          44.0000000        5802.0000000        7234.0000000           4.2812838          23.7000000           2.0000000          14.0000000          14.0000000
          45.0000000        5804.0000000        7244.0000000           4.2750230          23.7000000           2.0000000          14.0000000          14.0000000
          46.0000000        5805.0000000        7249.0000000           4.2741906          23.7000000           2.0000000          14.0000000          14.0000000
          47.0000000        5807.0000000        7260.0000000           3.5110167          23.7000000           2.0000000          14.0000000          14.0000000
          48.0000000        5809.0000000        7270.0000000           3.4465917          23.7000000           2.0000000          14.0000000          14.0000000
          49.0000000        6001.0000000        2801.0000000           4.7222661          23.7000000           2.0000000          14.0000000          14.0000000
          50.0000000        6002.0000000        7069.0000000           6.1177112          23.7000000           2.0000000          14.0000000          14.0000000
