     0.70243206      0.70388724
     0.70110857      0.70177668
     0.70198012      0.70286480
     0.70123729      0.70181977
     0.70159985      0.70246373
     0.70228592      0.70356833
     0.70120930      0.70183940
     0.70123395      0.70203668
     0.70130944      0.70199548
     0.70130683      0.70198651
     0.70126798      0.70191962
     0.70134677      0.70204070
     0.70130136      0.70194519
     0.70139366      0.70211347
     0.70145149      0.70220674
     0.70146304      0.70220939
     0.70114488      0.70172096
     0.70147460      0.70222994
     0.70115743      0.70172845
     0.70119439      0.70180756
     0.70122940      0.70183795
     0.70157854      0.70239265
     0.70127116      0.70196905
     0.70160203      0.70243390
     0.70134308      0.70205047
     0.70147854      0.70224236
     0.70166323      0.70251370
     0.70169293      0.70254538
     0.70164647      0.70249655
     0.70173004      0.70260317
     0.70172473      0.70258319
     0.70163376      0.70243516
     0.70120050      0.70179291
     0.70172005      0.70255879
     0.70169111      0.70261040
     0.70119431      0.70176784
     0.70173380      0.70264198
     0.70159376      0.70238675
     0.70122448      0.70180762
     0.70160248      0.70239831
     0.70166732      0.70249715
     0.70151987      0.70224820
     0.70128235      0.70191925
     0.70120426      0.70176868
     0.70169888      0.70257160
     0.70142853      0.70210502
     0.70146181      0.70219019
     0.70119924      0.70175024
     0.70124582      0.70186739
     0.70116373      0.70173400
     0.70131863      0.70197188
     0.70130457      0.70198496
     0.70163303      0.70257073
     0.70168544      0.70266333
     0.70164311      0.70261564
     0.70168976      0.70265603
     0.70166659      0.70260862
     0.70165391      0.70259341
     0.70129296      0.70185904
     0.70135899      0.70197440
     0.70130921      0.70190529
     0.70128769      0.70188428
     0.70121614      0.70177859
     0.70251584      0.70398144
     0.70249375      0.70396577
     0.70260366      0.70416331
     0.70241290      0.70379172
     0.70232592      0.70362948
     0.70228281      0.70352661
     0.70207988      0.70318835
