     0.00000000      0.00000000
     0.70099225      0.70153643
     0.70096894      0.70149611
     0.70170488      0.70268851
     0.70175527      0.70271133
     0.70174952      0.70269768
     0.70179502      0.70278400
     0.70183876      0.70282960
     0.70179912      0.70276815
     0.70178033      0.70273598
     0.70199273      0.70307227
     0.70185153      0.70284834
     0.70193534      0.70298365
     0.70187752      0.70289936
     0.70204166      0.70315489
     0.70182498      0.70282960
     0.70080280      0.70128126
     0.70065775      0.70110484
     0.70093648      0.70152950
     0.70084629      0.70133507
     0.70081715      0.70126906
     0.70077251      0.70119166
     0.70087206      0.70134898
     0.70089925      0.70139634
     0.70058519      0.70089199
     0.70152632      0.70239086
     0.70059416      0.70090820
     0.70056728      0.70086929
     0.70053859      0.70082927
     0.70049395      0.70076084
     0.70160627      0.70241621
     0.70144960      0.70217211
     0.70148559      0.70223362
     0.70135609      0.70203440
     0.70130371      0.70193844
     0.70058552      0.70093232
     0.70143491      0.70214322
     0.70136649      0.70203834
     0.70047810      0.70075730
     0.70138903      0.70207610
     0.70130547      0.70194561
     0.70038982      0.70066745
     0.70103543      0.70163748
     0.00000000      0.00000000
     0.00000000      0.00000000
     0.70096080      0.70130033
     0.70045647      0.70069287
     0.70046761      0.70070970
     0.70049439      0.70070850
     0.70047691      0.70068555
     0.70052049      0.70074133
     0.70050947      0.70072463
     0.70051557      0.70073435
     0.70055008      0.70078463
     0.70057080      0.70081502
     0.70059046      0.70084474
     0.70048408      0.70068961
     0.70049104      0.70069934
     0.70052741      0.70075160
     0.70054673      0.70077584
     0.70057453      0.70081772
     0.70055973      0.70079941
     0.70048755      0.70069504
     0.70051183      0.70072907
     0.70052728      0.70075221
     0.70054405      0.70077571
     0.70055942      0.70079826
     0.70048125      0.70068905
     0.70049110      0.70070218
     0.70052863      0.70075459
     0.70054467      0.70077813
     0.70056105      0.70080092
     0.70048587      0.70069444
     0.70050305      0.70071826
     0.70049051      0.70070020
