     0.70082941      0.70129253
     0.70064416      0.70099156
     0.70081496      0.70125827
     0.70070033      0.70107500
     0.70090921      0.70140269
     0.70091529      0.70142753
     0.70086025      0.70132995
     0.70084100      0.70130252
     0.70073348      0.70112713
     0.70074841      0.70115406
     0.70071873      0.70111548
     0.70065663      0.70100018
     0.70039424      0.70063707
     0.70062765      0.70095437
     0.70055452      0.70083466
     0.70057082      0.70086479
     0.70037189      0.70059967
     0.70057701      0.70087195
     0.70038056      0.70061318
     0.70053762      0.70081377
     0.70038230      0.70061017
     0.70037455      0.70060039
     0.70037539      0.70059462
     0.70036729      0.70057540
     0.70067869      0.70103138
     0.70036341      0.70055957
     0.70049998      0.70078564
     0.70050978      0.70080393
     0.70048131      0.70076355
     0.70052834      0.70084631
     0.70047496      0.70076077
     0.70047813      0.70077017
     0.70051396      0.70082743
     0.70043876      0.70070329
     0.70045369      0.70073196
     0.70045576      0.70073561
     0.70043929      0.70071144
     0.70037711      0.70060975
     0.70046763      0.70076364
     0.70038915      0.70063040
     0.70040380      0.70065596
     0.70041552      0.70067291
