           1.0000000      141094.0000000      141195.0000000          10.9275753          18.0000000           2.0000000          14.0000000          14.0000000
           2.0000000      141113.0000000      141194.0000000          10.8223196          18.0000000           2.0000000          14.0000000          14.0000000
           3.0000000      141132.0000000      154549.0000000          15.4111524          18.0000000           2.0000000          14.0000000          14.0000000
           4.0000000      141152.0000000      154101.0000000          15.2979631          18.0000000           2.0000000          14.0000000          14.0000000
           5.0000000      141153.0000000      154293.0000000          21.5482909          18.0000000           2.0000000          14.0000000          14.0000000
           6.0000000      141154.0000000      141195.0000000          10.6445443          18.0000000           2.0000000          14.0000000          14.0000000
           7.0000000      141177.0000000      154147.0000000          10.5613662          18.0000000           2.0000000          14.0000000          14.0000000
           8.0000000      141178.0000000      154299.0000000          13.6482005          18.0000000           2.0000000          14.0000000          14.0000000
           9.0000000      141179.0000000      154678.0000000          22.7643559          18.0000000           2.0000000          14.0000000          14.0000000
          10.0000000      141180.0000000      154677.0000000          27.0066442          18.0000000           2.0000000          14.0000000          14.0000000
          11.0000000      141181.0000000      156636.0000000          27.5877884          18.0000000           2.0000000          14.0000000          14.0000000
          12.0000000      141182.0000000      153793.0000000          11.6199778          18.0000000           2.0000000          14.0000000          14.0000000
          13.0000000      141183.0000000      154101.0000000          15.1425152          18.0000000           2.0000000          14.0000000          14.0000000
          14.0000000      141184.0000000      154678.0000000          22.6351869          18.0000000           2.0000000          14.0000000          14.0000000
          15.0000000      141185.0000000      154677.0000000          26.9032461          18.0000000           2.0000000          14.0000000          14.0000000
          16.0000000      141186.0000000      154692.0000000          31.2022328          18.0000000           2.0000000          14.0000000          14.0000000
          17.0000000      141187.0000000      153791.0000000           9.1879328          18.0000000           2.0000000          14.0000000          14.0000000
          18.0000000      141188.0000000      153792.0000000          12.9635281          18.0000000           2.0000000          14.0000000          14.0000000
          19.0000000      141189.0000000      154293.0000000          20.2353217          18.0000000           2.0000000          14.0000000          14.0000000
          20.0000000      141190.0000000      154021.0000000          28.1425534          18.0000000           2.0000000          14.0000000          14.0000000
          21.0000000      141191.0000000      154021.0000000          28.1327941          18.0000000           2.0000000          14.0000000          14.0000000
          22.0000000      141196.0000000      154021.0000000          28.1890497          18.0000000           2.0000000          14.0000000          14.0000000
          23.0000000      141213.0000000      154147.0000000          10.6990065          18.0000000           2.0000000          14.0000000          14.0000000
          24.0000000      141214.0000000      154299.0000000          13.7667756          18.0000000           2.0000000          14.0000000          14.0000000
          25.0000000      141215.0000000      154678.0000000          22.9829358          18.0000000           2.0000000          14.0000000          14.0000000
          26.0000000      141216.0000000      154677.0000000          27.1894804          18.0000000           2.0000000          14.0000000          14.0000000
          27.0000000      141217.0000000      157765.0000000          25.5151662          18.0000000           2.0000000          14.0000000          14.0000000
