           1.0000000        4221.0000000        4342.0000000           3.4191247         164.1800000           2.0000000          14.0000000          14.0000000
           2.0000000        4222.0000000        4347.0000000           3.2579870         164.1800000           2.0000000          14.0000000          14.0000000
           3.0000000        4226.0000000        4362.0000000           2.8434648         164.1800000           2.0000000          14.0000000          14.0000000
           4.0000000        4229.0000000        4383.0000000           1.8609288         164.1800000           2.0000000          14.0000000          14.0000000
           5.0000000        4230.0000000        4388.0000000           1.9443932         164.1800000           2.0000000          14.0000000          14.0000000
           6.0000000        4231.0000000        4392.0000000           2.8149801         164.1800000           2.0000000          14.0000000          14.0000000
           7.0000000        4235.0000000        4412.0000000           3.1544292         164.1800000           2.0000000          14.0000000          14.0000000
           8.0000000        4236.0000000        4410.0000000           5.5335764         164.1800000           2.0000000          14.0000000          14.0000000
           9.0000000        4237.0000000        4415.0000000           5.6418225         164.1800000           2.0000000          14.0000000          14.0000000
          10.0000000        4238.0000000        4420.0000000           5.7518912         164.1800000           2.0000000          14.0000000          14.0000000
          11.0000000        4239.0000000        4425.0000000           5.8647613         164.1800000           2.0000000          14.0000000          14.0000000
          12.0000000        4240.0000000        4430.0000000           5.9762300         164.1800000           2.0000000          14.0000000          14.0000000
          13.0000000        4241.0000000       29122.0000000           5.0271353         164.1800000           2.0000000          14.0000000          14.0000000
          14.0000000        4242.0000000       24691.0000000           6.3372506         164.1800000           2.0000000          14.0000000          14.0000000
          15.0000000        4244.0000000       23570.0000000           6.1144688         164.1800000           2.0000000          14.0000000          14.0000000
          16.0000000        4245.0000000       22329.0000000           6.1420275         164.1800000           2.0000000          14.0000000          14.0000000
          17.0000000        4246.0000000       29095.0000000           5.5088500         164.1800000           2.0000000          14.0000000          14.0000000
          18.0000000        4247.0000000       29125.0000000           5.4806987         164.1800000           2.0000000          14.0000000          14.0000000
          19.0000000        4248.0000000       29179.0000000           5.7998284         164.1800000           2.0000000          14.0000000          14.0000000
          20.0000000        5431.0000000       11420.0000000           3.1707142         164.1800000           2.0000000          14.0000000          14.0000000
          21.0000000        5446.0000000       11422.0000000           3.1396669         164.1800000           2.0000000          14.0000000          14.0000000
          22.0000000        5481.0000000       11430.0000000           3.2441972         164.1800000           2.0000000          14.0000000          14.0000000
          23.0000000        5511.0000000       11437.0000000           3.2863676         164.1800000           2.0000000          14.0000000          14.0000000
          24.0000000        5516.0000000       11438.0000000           3.2505732         164.1800000           2.0000000          14.0000000          14.0000000
          25.0000000        5521.0000000       11439.0000000           3.2254032         164.1800000           2.0000000          14.0000000          14.0000000
          26.0000000        5526.0000000       11440.0000000           3.2151514         164.1800000           2.0000000          14.0000000          14.0000000
          27.0000000        5531.0000000       11441.0000000           3.2218878         164.1800000           2.0000000          14.0000000          14.0000000
          28.0000000        5536.0000000       11443.0000000           3.2265572         164.1800000           2.0000000          14.0000000          14.0000000
          29.0000000        5541.0000000       11444.0000000           3.2065937         164.1800000           2.0000000          14.0000000          14.0000000
          30.0000000        5546.0000000       11445.0000000           3.2054234         164.1800000           2.0000000          14.0000000          14.0000000
          31.0000000        5551.0000000       11446.0000000           3.2246473         164.1800000           2.0000000          14.0000000          14.0000000
          32.0000000        5552.0000000       11531.0000000           3.5125509         164.1800000           2.0000000          14.0000000          14.0000000
          33.0000000        5556.0000000       11447.0000000           3.2715476         164.1800000           2.0000000          14.0000000          14.0000000
          34.0000000        5566.0000000       11449.0000000           3.4273925         164.1800000           2.0000000          14.0000000          14.0000000
          35.0000000        5571.0000000       11451.0000000           3.5837735         164.1800000           2.0000000          14.0000000          14.0000000
          36.0000000        5680.0000000       24629.0000000           5.9441184         164.1800000           2.0000000          14.0000000          14.0000000
          37.0000000        5685.0000000       23230.0000000           5.7562220         164.1800000           2.0000000          14.0000000          14.0000000
