     0.70041991      0.70062523
     0.70039365      0.70060805
     0.70043785      0.70066222
     0.70039961      0.70060060
     0.70038989      0.70060537
     0.70042746      0.70065349
     0.70050686      0.70077518
     0.70037038      0.70056700
     0.70047227      0.70076939
     0.70045887      0.70069768
     0.70040888      0.70062454
     0.70049694      0.70076676
     0.70046294      0.70069659
     0.70045450      0.70070416
     0.70038811      0.70059625
     0.70051353      0.70078999
