           1.0000000        4484.0000000       14498.0000000           2.0123854          19.5000000           2.0000000          14.0000000          14.0000000
           2.0000000        4485.0000000       14499.0000000           2.1335201          19.5000000           2.0000000          14.0000000          14.0000000
           3.0000000        4500.0000000       11075.0000000           3.2143215          19.5000000           2.0000000          14.0000000          14.0000000
           4.0000000        4502.0000000       11065.0000000           3.2633393          19.5000000           2.0000000          14.0000000          14.0000000
           5.0000000        4511.0000000       11021.0000000           4.3778317          19.5000000           2.0000000          14.0000000          14.0000000
           6.0000000        4512.0000000       11016.0000000           4.3954290          19.5000000           2.0000000          14.0000000          14.0000000
           7.0000000        4513.0000000       11011.0000000           4.4127064          19.5000000           2.0000000          14.0000000          14.0000000
           8.0000000        4515.0000000       11001.0000000           4.4447431          19.5000000           2.0000000          14.0000000          14.0000000
           9.0000000        4516.0000000       10996.0000000           4.4592029          19.5000000           2.0000000          14.0000000          14.0000000
          10.0000000        4518.0000000       10986.0000000           4.4850056          19.5000000           2.0000000          14.0000000          14.0000000
          11.0000000        4519.0000000       10981.0000000           4.4962562          19.5000000           2.0000000          14.0000000          14.0000000
          12.0000000        4520.0000000       10976.0000000           4.5068995          19.5000000           2.0000000          14.0000000          14.0000000
          13.0000000        4521.0000000       10971.0000000           4.5164904          19.5000000           2.0000000          14.0000000          14.0000000
          14.0000000        4634.0000000       11039.0000000           2.9168670          19.5000000           2.0000000          14.0000000          14.0000000
          15.0000000        4635.0000000       11034.0000000           2.9414188          19.5000000           2.0000000          14.0000000          14.0000000
          16.0000000        4636.0000000       11029.0000000           2.9678056          19.5000000           2.0000000          14.0000000          14.0000000
          17.0000000        4637.0000000       11024.0000000           2.9946449          19.5000000           2.0000000          14.0000000          14.0000000
          18.0000000        4638.0000000       11019.0000000           3.0222153          19.5000000           2.0000000          14.0000000          14.0000000
          19.0000000        4639.0000000       11015.0000000           3.5555562          19.5000000           2.0000000          14.0000000          14.0000000
          20.0000000        4640.0000000       11010.0000000           3.5579736          19.5000000           2.0000000          14.0000000          14.0000000
          21.0000000        4641.0000000       11005.0000000           3.5613315          19.5000000           2.0000000          14.0000000          14.0000000
          22.0000000        4642.0000000       11000.0000000           3.5652307          19.5000000           2.0000000          14.0000000          14.0000000
          23.0000000        4643.0000000       10995.0000000           3.5694236          19.5000000           2.0000000          14.0000000          14.0000000
          24.0000000        4644.0000000       10990.0000000           3.5737343          19.5000000           2.0000000          14.0000000          14.0000000
          25.0000000        4645.0000000       10985.0000000           3.5780763          19.5000000           2.0000000          14.0000000          14.0000000
          26.0000000        4646.0000000       10980.0000000           3.5822456          19.5000000           2.0000000          14.0000000          14.0000000
          27.0000000        4648.0000000       10970.0000000           3.5907038          19.5000000           2.0000000          14.0000000          14.0000000
          28.0000000        4661.0000000       10905.0000000           3.6092442          19.5000000           2.0000000          14.0000000          14.0000000
          29.0000000        4662.0000000       10900.0000000           3.6055410          19.5000000           2.0000000          14.0000000          14.0000000
          30.0000000        4759.0000000       11426.0000000           2.8004196          19.5000000           2.0000000          14.0000000          14.0000000
          31.0000000        4760.0000000       11425.0000000           2.8111177          19.5000000           2.0000000          14.0000000          14.0000000
          32.0000000        4763.0000000       11422.0000000           2.8651089          19.5000000           2.0000000          14.0000000          14.0000000
          33.0000000        4764.0000000       11421.0000000           2.8886020          19.5000000           2.0000000          14.0000000          14.0000000
          34.0000000        4768.0000000       11004.0000000           3.0624238          19.5000000           2.0000000          14.0000000          14.0000000
          35.0000000        4769.0000000       10999.0000000           3.0570294          19.5000000           2.0000000          14.0000000          14.0000000
          36.0000000        4770.0000000       10994.0000000           3.0531753          19.5000000           2.0000000          14.0000000          14.0000000
          37.0000000        4771.0000000       10989.0000000           3.0505980          19.5000000           2.0000000          14.0000000          14.0000000
          38.0000000        4772.0000000       10984.0000000           3.0490229          19.5000000           2.0000000          14.0000000          14.0000000
          39.0000000        4773.0000000       10979.0000000           3.0482515          19.5000000           2.0000000          14.0000000          14.0000000
          40.0000000        4774.0000000       10974.0000000           3.0480519          19.5000000           2.0000000          14.0000000          14.0000000
          41.0000000        4776.0000000       10964.0000000           3.0493707          19.5000000           2.0000000          14.0000000          14.0000000
          42.0000000        4882.0000000       14384.0000000           2.9295612          19.5000000           2.0000000          14.0000000          14.0000000
          43.0000000        4884.0000000       14516.0000000           2.9101851          19.5000000           2.0000000          14.0000000          14.0000000
          44.0000000        4885.0000000       14517.0000000           2.9081672          19.5000000           2.0000000          14.0000000          14.0000000
          45.0000000        4886.0000000       14518.0000000           2.9116955          19.5000000           2.0000000          14.0000000          14.0000000
          46.0000000        4887.0000000       14519.0000000           2.9196637          19.5000000           2.0000000          14.0000000          14.0000000
          47.0000000        4888.0000000       14520.0000000           2.9315746          19.5000000           2.0000000          14.0000000          14.0000000
          48.0000000        4889.0000000       14521.0000000           2.9470241          19.5000000           2.0000000          14.0000000          14.0000000
          49.0000000        4890.0000000       14522.0000000           2.9654151          19.5000000           2.0000000          14.0000000          14.0000000
          50.0000000        4891.0000000       14523.0000000           2.9862833          19.5000000           2.0000000          14.0000000          14.0000000
          51.0000000        4892.0000000       14524.0000000           3.0092361          19.5000000           2.0000000          14.0000000          14.0000000
          52.0000000        4893.0000000       11419.0000000           3.0225721          19.5000000           2.0000000          14.0000000          14.0000000
          53.0000000        4915.0000000       10904.0000000           3.1068233          19.5000000           2.0000000          14.0000000          14.0000000
          54.0000000        7549.0000000       11180.0000000           3.8860190          19.5000000           2.0000000          14.0000000          14.0000000
          55.0000000        7551.0000000       11180.0000000           3.1391391          19.5000000           2.0000000          14.0000000          14.0000000
          56.0000000        7553.0000000       11164.0000000           2.1767801          19.5000000           2.0000000          14.0000000          14.0000000
          57.0000000        7554.0000000       11448.0000000           1.7347999          19.5000000           2.0000000          14.0000000          14.0000000
          58.0000000        7559.0000000       11134.0000000           2.2242086          19.5000000           2.0000000          14.0000000          14.0000000
          59.0000000        7561.0000000       11130.0000000           2.6943783          19.5000000           2.0000000          14.0000000          14.0000000
          60.0000000        7562.0000000       11125.0000000           2.7316006          19.5000000           2.0000000          14.0000000          14.0000000
          61.0000000        7563.0000000       11120.0000000           2.7768212          19.5000000           2.0000000          14.0000000          14.0000000
          62.0000000        7564.0000000       11115.0000000           2.8283856          19.5000000           2.0000000          14.0000000          14.0000000
          63.0000000        7565.0000000       11110.0000000           2.8855377          19.5000000           2.0000000          14.0000000          14.0000000
          64.0000000        7567.0000000       11101.0000000           3.7412151          19.5000000           2.0000000          14.0000000          14.0000000
          65.0000000        7584.0000000       11017.0000000           5.5338134          19.5000000           2.0000000          14.0000000          14.0000000
          66.0000000        7585.0000000       42812.0000000           4.6802582          19.5000000           2.0000000          14.0000000          14.0000000
          67.0000000        7586.0000000       11007.0000000           5.5917744          19.5000000           2.0000000          14.0000000          14.0000000
          68.0000000        7587.0000000       34520.0000000           4.6249241          19.5000000           2.0000000          14.0000000          14.0000000
          69.0000000        7588.0000000       39314.0000000           4.7783674          19.5000000           2.0000000          14.0000000          14.0000000
          70.0000000        7589.0000000       10992.0000000           5.6606700          19.5000000           2.0000000          14.0000000          14.0000000
          71.0000000        7590.0000000       10987.0000000           5.6792325          19.5000000           2.0000000          14.0000000          14.0000000
          72.0000000        7668.0000000       14612.0000000           2.0004486          19.5000000           2.0000000          14.0000000          14.0000000
          73.0000000        8913.0000000        9160.0000000           4.3769763          19.5000000           2.0000000          14.0000000          14.0000000
          74.0000000        8917.0000000        9140.0000000           4.2700557          19.5000000           2.0000000          14.0000000          14.0000000
          75.0000000        8918.0000000        9135.0000000           4.2463242          19.5000000           2.0000000          14.0000000          14.0000000
          76.0000000        8921.0000000        9120.0000000           4.1795409          19.5000000           2.0000000          14.0000000          14.0000000
