     0.70212393      0.70290739
     0.70209608      0.70286803
     0.70212364      0.70291931
     0.70222352      0.70303506
     0.70222337      0.70304152
     0.70220290      0.70301906
     0.70185622      0.70252471
     0.70183586      0.70249666
     0.70185232      0.70252398
     0.70183490      0.70249624
     0.70188912      0.70257304
     0.70152558      0.70207694
     0.70152385      0.70207486
     0.70153474      0.70208968
     0.70150235      0.70204056
     0.70154867      0.70210913
     0.70123311      0.70167945
     0.70125178      0.70170547
     0.70123590      0.70168262
     0.70124562      0.70169566
     0.70124917      0.70170112
     0.70106658      0.70145408
     0.70211258      0.70287778
     0.70210267      0.70286324
     0.70209578      0.70285390
     0.70208639      0.70284034
     0.70211957      0.70288964
