           1.0000000         232.0000000       30039.0000000           7.5459342         117.0000000           2.0000000          14.0000000          14.0000000
           2.0000000         233.0000000       30598.0000000          11.1142454         117.0000000           2.0000000          14.0000000          14.0000000
           3.0000000         236.0000000       30038.0000000          11.9673844         117.0000000           2.0000000          14.0000000          14.0000000
           4.0000000         237.0000000       30039.0000000           7.7227696         117.0000000           2.0000000          14.0000000          14.0000000
           5.0000000         238.0000000       30598.0000000          11.1669780         117.0000000           2.0000000          14.0000000          14.0000000
           6.0000000         242.0000000       31055.0000000          10.3461529         117.0000000           2.0000000          14.0000000          14.0000000
           7.0000000         243.0000000       31055.0000000          10.3372981         117.0000000           2.0000000          14.0000000          14.0000000
           8.0000000         247.0000000       31055.0000000          10.4031274         117.0000000           2.0000000          14.0000000          14.0000000
           9.0000000         248.0000000       31055.0000000          10.3873422         117.0000000           2.0000000          14.0000000          14.0000000
          10.0000000         251.0000000       30641.0000000          10.8126758         117.0000000           2.0000000          14.0000000          14.0000000
          11.0000000         252.0000000       31021.0000000           7.6928577         117.0000000           2.0000000          14.0000000          14.0000000
          12.0000000         253.0000000       30640.0000000          10.4346404         117.0000000           2.0000000          14.0000000          14.0000000
          13.0000000         257.0000000       26179.0000000           8.5214454         117.0000000           2.0000000          14.0000000          14.0000000
          14.0000000         258.0000000       26179.0000000           8.5516029         117.0000000           2.0000000          14.0000000          14.0000000
          15.0000000         262.0000000       26179.0000000           8.5232683         117.0000000           2.0000000          14.0000000          14.0000000
          16.0000000         263.0000000       29254.0000000          10.7005580         117.0000000           2.0000000          14.0000000          14.0000000
          17.0000000         266.0000000       30603.0000000          11.8656866         117.0000000           2.0000000          14.0000000          14.0000000
          18.0000000         267.0000000       27188.0000000           9.8984558         117.0000000           2.0000000          14.0000000          14.0000000
          19.0000000         268.0000000       29254.0000000          10.8123328         117.0000000           2.0000000          14.0000000          14.0000000
          20.0000000         272.0000000       27188.0000000           9.6673083         117.0000000           2.0000000          14.0000000          14.0000000
          21.0000000         273.0000000       27188.0000000           9.6739026         117.0000000           2.0000000          14.0000000          14.0000000
          22.0000000         277.0000000       11471.0000000          10.0447392         117.0000000           2.0000000          14.0000000          14.0000000
          23.0000000         278.0000000       11762.0000000           9.0702622         117.0000000           2.0000000          14.0000000          14.0000000
          24.0000000         281.0000000       11438.0000000           3.8674805         117.0000000           2.0000000          14.0000000          14.0000000
          25.0000000         282.0000000       11622.0000000           6.4267517         117.0000000           2.0000000          14.0000000          14.0000000
          26.0000000         283.0000000       11266.0000000           6.0072715         117.0000000           2.0000000          14.0000000          14.0000000
          27.0000000         295.0000000       11836.0000000           4.4169804         117.0000000           2.0000000          14.0000000          14.0000000
          28.0000000         296.0000000       12124.0000000          10.5563699         117.0000000           2.0000000          14.0000000          14.0000000
          29.0000000         298.0000000       29254.0000000          10.8469662         117.0000000           2.0000000          14.0000000          14.0000000
          30.0000000         299.0000000       29254.0000000          10.7345965         117.0000000           2.0000000          14.0000000          14.0000000
          31.0000000         300.0000000       30640.0000000          10.5627283         117.0000000           2.0000000          14.0000000          14.0000000
          32.0000000         301.0000000       30640.0000000          10.4273012         117.0000000           2.0000000          14.0000000          14.0000000
          33.0000000         302.0000000       30640.0000000          10.7214066         117.0000000           2.0000000          14.0000000          14.0000000
          34.0000000         303.0000000       30919.0000000           9.6087952         117.0000000           2.0000000          14.0000000          14.0000000
          35.0000000         304.0000000       30598.0000000          11.1966408         117.0000000           2.0000000          14.0000000          14.0000000
