           1.0000000        1892.0000000        4383.0000000           2.2551238          21.0000000           2.0000000          14.0000000          14.0000000
           2.0000000        1893.0000000        4388.0000000           2.2317771          21.0000000           2.0000000          14.0000000          14.0000000
           3.0000000        1894.0000000        4393.0000000           2.2364030          21.0000000           2.0000000          14.0000000          14.0000000
           4.0000000        2011.0000000        4404.0000000           1.8911999          21.0000000           2.0000000          14.0000000          14.0000000
           5.0000000        2012.0000000        4409.0000000           1.9335570          21.0000000           2.0000000          14.0000000          14.0000000
           6.0000000        2013.0000000        4414.0000000           1.9965763          21.0000000           2.0000000          14.0000000          14.0000000
           7.0000000        2015.0000000        4423.0000000           2.5782972          21.0000000           2.0000000          14.0000000          14.0000000
           8.0000000        2016.0000000        4428.0000000           2.6038458          21.0000000           2.0000000          14.0000000          14.0000000
           9.0000000        2017.0000000        4433.0000000           2.6387659          21.0000000           2.0000000          14.0000000          14.0000000
          10.0000000        2018.0000000        4438.0000000           2.6825216          21.0000000           2.0000000          14.0000000          14.0000000
          11.0000000        2019.0000000        4443.0000000           2.7333592          21.0000000           2.0000000          14.0000000          14.0000000
          12.0000000        2020.0000000        4453.0000000           2.7440783          21.0000000           2.0000000          14.0000000          14.0000000
          13.0000000        2132.0000000        4434.0000000           2.1289632          21.0000000           2.0000000          14.0000000          14.0000000
          14.0000000        2133.0000000        4439.0000000           2.1554268          21.0000000           2.0000000          14.0000000          14.0000000
          15.0000000        2134.0000000        4444.0000000           2.1943828          21.0000000           2.0000000          14.0000000          14.0000000
          16.0000000        2135.0000000        4449.0000000           2.2445395          21.0000000           2.0000000          14.0000000          14.0000000
          17.0000000        2136.0000000        4453.0000000           2.9206062          21.0000000           2.0000000          14.0000000          14.0000000
          18.0000000        2137.0000000        4458.0000000           2.9241832          21.0000000           2.0000000          14.0000000          14.0000000
          19.0000000        2141.0000000        4478.0000000           3.0118201          21.0000000           2.0000000          14.0000000          14.0000000
          20.0000000        2250.0000000        5143.0000000           2.0881400          21.0000000           2.0000000          14.0000000          14.0000000
          21.0000000        2251.0000000        4454.0000000           2.3873510          21.0000000           2.0000000          14.0000000          14.0000000
          22.0000000        2252.0000000        4459.0000000           2.3680881          21.0000000           2.0000000          14.0000000          14.0000000
          23.0000000        2253.0000000        4464.0000000           2.3605684          21.0000000           2.0000000          14.0000000          14.0000000
          24.0000000        2255.0000000        4474.0000000           2.3801152          21.0000000           2.0000000          14.0000000          14.0000000
          25.0000000        2256.0000000        4479.0000000           2.4047135          21.0000000           2.0000000          14.0000000          14.0000000
          26.0000000        2374.0000000        4494.0000000           2.5851978          21.0000000           2.0000000          14.0000000          14.0000000
          27.0000000        4221.0000000        4342.0000000           3.4191247          21.0000000           2.0000000          14.0000000          14.0000000
          28.0000000        4222.0000000        4347.0000000           3.2579870          21.0000000           2.0000000          14.0000000          14.0000000
          29.0000000        4223.0000000        4352.0000000           3.1158531          21.0000000           2.0000000          14.0000000          14.0000000
          30.0000000        4224.0000000        4352.0000000           3.0639263          21.0000000           2.0000000          14.0000000          14.0000000
          31.0000000        4225.0000000        4357.0000000           2.9350033          21.0000000           2.0000000          14.0000000          14.0000000
          32.0000000        4226.0000000        4362.0000000           2.8434648          21.0000000           2.0000000          14.0000000          14.0000000
          33.0000000        4227.0000000        4372.0000000           2.7710184          21.0000000           2.0000000          14.0000000          14.0000000
          34.0000000        4229.0000000        4383.0000000           1.8609288          21.0000000           2.0000000          14.0000000          14.0000000
