           1.0000000        6294.0000000       31213.0000000           3.7800670         184.6600000           2.0000000          14.0000000          14.0000000
           2.0000000        6347.0000000       26424.0000000           5.3004061         184.6600000           2.0000000          14.0000000          14.0000000
           3.0000000        6349.0000000        1947.0000000           5.0369538         184.6600000           2.0000000          14.0000000          14.0000000
           4.0000000        6354.0000000        1948.0000000           5.0287533         184.6600000           2.0000000          14.0000000          14.0000000
           5.0000000        6358.0000000       26808.0000000           3.9794976         184.6600000           2.0000000          14.0000000          14.0000000
           6.0000000        6364.0000000        1951.0000000           4.7483826         184.6600000           2.0000000          14.0000000          14.0000000
           7.0000000        6368.0000000        1481.0000000           4.9968741         184.6600000           2.0000000          14.0000000          14.0000000
           8.0000000        6369.0000000        1452.0000000           4.3276942         184.6600000           2.0000000          14.0000000          14.0000000
           9.0000000        6378.0000000        1537.0000000           5.1126204         184.6600000           2.0000000          14.0000000          14.0000000
          10.0000000        6383.0000000        1593.0000000           5.0946433         184.6600000           2.0000000          14.0000000          14.0000000
          11.0000000        6384.0000000        1564.0000000           4.3990371         184.6600000           2.0000000          14.0000000          14.0000000
          12.0000000        6389.0000000        1592.0000000           4.4464111         184.6600000           2.0000000          14.0000000          14.0000000
          13.0000000        6393.0000000       10917.0000000           2.4493556         184.6600000           2.0000000          14.0000000          14.0000000
