     0.70628613      0.71233967
     0.70674688      0.71159716
     0.70678694      0.71147133
     0.70606146      0.71022519
     0.70678214      0.71297660
     0.70601121      0.71058305
     0.70501434      0.71008604
     0.70440644      0.70717157
     0.70460124      0.70774804
     0.70445518      0.70717688
     0.70436324      0.70703785
     0.70367972      0.70590859
     0.70443343      0.70733121
     0.70348229      0.70555356
     0.70418285      0.70674365
     0.70350648      0.70545186
     0.70311551      0.70482550
