           1.0000000        7553.0000000       11449.0000000           1.6663371         186.9650000           2.0000000          14.0000000          14.0000000
           2.0000000        7554.0000000       11448.0000000           1.7347999         186.9650000           2.0000000          14.0000000          14.0000000
           3.0000000        7559.0000000       11134.0000000           2.2242086         186.9650000           2.0000000          14.0000000          14.0000000
           4.0000000        7561.0000000       11130.0000000           2.6943783         186.9650000           2.0000000          14.0000000          14.0000000
           5.0000000        7563.0000000       11120.0000000           2.7768212         186.9650000           2.0000000          14.0000000          14.0000000
           6.0000000        7565.0000000       11110.0000000           2.8855377         186.9650000           2.0000000          14.0000000          14.0000000
           7.0000000        7579.0000000       11042.0000000           5.3547362         186.9650000           2.0000000          14.0000000          14.0000000
           8.0000000        7582.0000000       37866.0000000           4.3105311         186.9650000           2.0000000          14.0000000          14.0000000
           9.0000000        7584.0000000       11017.0000000           5.5338134         186.9650000           2.0000000          14.0000000          14.0000000
          10.0000000        7585.0000000       42812.0000000           4.6802582         186.9650000           2.0000000          14.0000000          14.0000000
          11.0000000        7586.0000000       11007.0000000           5.5917744         186.9650000           2.0000000          14.0000000          14.0000000
          12.0000000        7587.0000000       34520.0000000           4.6249241         186.9650000           2.0000000          14.0000000          14.0000000
          13.0000000        7588.0000000       39314.0000000           4.7783674         186.9650000           2.0000000          14.0000000          14.0000000
          14.0000000        7589.0000000       38759.0000000           4.4435063         186.9650000           2.0000000          14.0000000          14.0000000
          15.0000000        7591.0000000       38449.0000000           4.4063438         186.9650000           2.0000000          14.0000000          14.0000000
          16.0000000        7593.0000000       38450.0000000           4.4307193         186.9650000           2.0000000          14.0000000          14.0000000
          17.0000000        7594.0000000       42543.0000000           4.5223949         186.9650000           2.0000000          14.0000000          14.0000000
          18.0000000        7595.0000000       42282.0000000           4.8323616         186.9650000           2.0000000          14.0000000          14.0000000
          19.0000000        7596.0000000       39288.0000000           4.6880027         186.9650000           2.0000000          14.0000000          14.0000000
          20.0000000        9786.0000000       10564.0000000           2.2048014         186.9650000           2.0000000          14.0000000          14.0000000
          21.0000000        9932.0000000        1331.0000000           3.1122029         186.9650000           2.0000000          14.0000000          14.0000000
          22.0000000        9937.0000000        1330.0000000           3.1306313         186.9650000           2.0000000          14.0000000          14.0000000
          23.0000000        9942.0000000        1329.0000000           3.1619899         186.9650000           2.0000000          14.0000000          14.0000000
          24.0000000        9997.0000000        1320.0000000           3.1678981         186.9650000           2.0000000          14.0000000          14.0000000
          25.0000000       10032.0000000        1314.0000000           3.2056328         186.9650000           2.0000000          14.0000000          14.0000000
          26.0000000       10062.0000000        1309.0000000           3.2400116         186.9650000           2.0000000          14.0000000          14.0000000
          27.0000000       10067.0000000        1308.0000000           3.2509949         186.9650000           2.0000000          14.0000000          14.0000000
          28.0000000       10072.0000000        1307.0000000           3.2687737         186.9650000           2.0000000          14.0000000          14.0000000
          29.0000000       10082.0000000        1305.0000000           3.3118172         186.9650000           2.0000000          14.0000000          14.0000000
          30.0000000       10087.0000000        1304.0000000           3.3118928         186.9650000           2.0000000          14.0000000          14.0000000
          31.0000000       10092.0000000        1303.0000000           3.2993669         186.9650000           2.0000000          14.0000000          14.0000000
          32.0000000       10097.0000000        1302.0000000           3.2904579         186.9650000           2.0000000          14.0000000          14.0000000
          33.0000000       10102.0000000        1301.0000000           3.2911619         186.9650000           2.0000000          14.0000000          14.0000000
          34.0000000       10107.0000000        1300.0000000           3.2951025         186.9650000           2.0000000          14.0000000          14.0000000
          35.0000000       10112.0000000        1299.0000000           3.3050399         186.9650000           2.0000000          14.0000000          14.0000000
          36.0000000       10117.0000000        1298.0000000           3.3226182         186.9650000           2.0000000          14.0000000          14.0000000
          37.0000000       10122.0000000        1297.0000000           3.3576051         186.9650000           2.0000000          14.0000000          14.0000000
          38.0000000       10127.0000000        1297.0000000           3.3430884         186.9650000           2.0000000          14.0000000          14.0000000
          39.0000000       10132.0000000        1296.0000000           3.3152419         186.9650000           2.0000000          14.0000000          14.0000000
          40.0000000       10133.0000000        1296.0000000           3.3404169         186.9650000           2.0000000          14.0000000          14.0000000
          41.0000000       10137.0000000        1295.0000000           3.3072612         186.9650000           2.0000000          14.0000000          14.0000000
          42.0000000       10142.0000000        1294.0000000           3.3240125         186.9650000           2.0000000          14.0000000          14.0000000
          43.0000000       10147.0000000        1293.0000000           3.3566191         186.9650000           2.0000000          14.0000000          14.0000000
          44.0000000       10152.0000000        1382.0000000           3.0955805         186.9650000           2.0000000          14.0000000          14.0000000
          45.0000000       10157.0000000        1292.0000000           3.3472008         186.9650000           2.0000000          14.0000000          14.0000000
          46.0000000       10162.0000000        1291.0000000           3.3417698         186.9650000           2.0000000          14.0000000          14.0000000
          47.0000000       10167.0000000        1290.0000000           3.3516411         186.9650000           2.0000000          14.0000000          14.0000000
          48.0000000       10172.0000000        1288.0000000           3.3831897         186.9650000           2.0000000          14.0000000          14.0000000
          49.0000000       10177.0000000        1287.0000000           3.3872884         186.9650000           2.0000000          14.0000000          14.0000000
          50.0000000       10182.0000000        1376.0000000           3.0935325         186.9650000           2.0000000          14.0000000          14.0000000
          51.0000000       10187.0000000        1375.0000000           3.1005961         186.9650000           2.0000000          14.0000000          14.0000000
          52.0000000       10192.0000000        1374.0000000           3.1133951         186.9650000           2.0000000          14.0000000          14.0000000
          53.0000000       10197.0000000        1373.0000000           3.1359160         186.9650000           2.0000000          14.0000000          14.0000000
          54.0000000       10201.0000000       27941.0000000           5.1583611         186.9650000           2.0000000          14.0000000          14.0000000
          55.0000000       10202.0000000        1372.0000000           3.1572447         186.9650000           2.0000000          14.0000000          14.0000000
          56.0000000       10206.0000000       38758.0000000           4.5561144         186.9650000           2.0000000          14.0000000          14.0000000
          57.0000000       10207.0000000        1371.0000000           3.1737307         186.9650000           2.0000000          14.0000000          14.0000000
          58.0000000       10211.0000000       26171.0000000           5.1783475         186.9650000           2.0000000          14.0000000          14.0000000
          59.0000000       10212.0000000        1370.0000000           3.1971554         186.9650000           2.0000000          14.0000000          14.0000000
          60.0000000       10216.0000000       39315.0000000           4.4960993         186.9650000           2.0000000          14.0000000          14.0000000
          61.0000000       10217.0000000        1369.0000000           3.2275565         186.9650000           2.0000000          14.0000000          14.0000000
          62.0000000       10221.0000000       37370.0000000           4.6355620         186.9650000           2.0000000          14.0000000          14.0000000
          63.0000000       10222.0000000        1368.0000000           3.2663099         186.9650000           2.0000000          14.0000000          14.0000000
          64.0000000       10226.0000000       37370.0000000           4.5980335         186.9650000           2.0000000          14.0000000          14.0000000
          65.0000000       10231.0000000       34314.0000000           4.8771284         186.9650000           2.0000000          14.0000000          14.0000000
          66.0000000       10232.0000000        1366.0000000           3.3427537         186.9650000           2.0000000          14.0000000          14.0000000
          67.0000000       10243.0000000        1185.0000000           4.3040950         186.9650000           2.0000000          14.0000000          14.0000000
          68.0000000       10252.0000000        1273.0000000           3.8198584         186.9650000           2.0000000          14.0000000          14.0000000
          69.0000000       10366.0000000       11150.0000000           2.4666562         186.9650000           2.0000000          14.0000000          14.0000000
          70.0000000       10371.0000000       11155.0000000           2.4327558         186.9650000           2.0000000          14.0000000          14.0000000
          71.0000000       10391.0000000       11174.0000000           1.7586594         186.9650000           2.0000000          14.0000000          14.0000000
          72.0000000       10437.0000000        1368.0000000           3.2950358         186.9650000           2.0000000          14.0000000          14.0000000
          73.0000000       10438.0000000        1369.0000000           3.2555682         186.9650000           2.0000000          14.0000000          14.0000000
          74.0000000       10439.0000000        1370.0000000           3.2212624         186.9650000           2.0000000          14.0000000          14.0000000
          75.0000000       10441.0000000        1372.0000000           3.1627242         186.9650000           2.0000000          14.0000000          14.0000000
          76.0000000       10444.0000000        1375.0000000           3.0993187         186.9650000           2.0000000          14.0000000          14.0000000
          77.0000000       10492.0000000        1418.0000000           3.0253202         186.9650000           2.0000000          14.0000000          14.0000000
          78.0000000       10494.0000000        1419.0000000           2.9940729         186.9650000           2.0000000          14.0000000          14.0000000
          79.0000000       10497.0000000        1422.0000000           2.9885305         186.9650000           2.0000000          14.0000000          14.0000000
          80.0000000       10538.0000000       11480.0000000           2.3948972         186.9650000           2.0000000          14.0000000          14.0000000
