           1.0000000        8038.0000000        4031.0000000           4.3052102         186.9650000           2.0000000          14.0000000          14.0000000
           2.0000000        8039.0000000       52154.0000000           3.9315505         186.9650000           2.0000000          14.0000000          14.0000000
           3.0000000        8043.0000000        4030.0000000           4.6754035         186.9650000           2.0000000          14.0000000          14.0000000
           4.0000000        8044.0000000        4029.0000000           5.4315820         186.9650000           2.0000000          14.0000000          14.0000000
           5.0000000        8048.0000000        4085.0000000           4.3160649         186.9650000           2.0000000          14.0000000          14.0000000
           6.0000000        8053.0000000        4084.0000000           4.6751498         186.9650000           2.0000000          14.0000000          14.0000000
           7.0000000        8058.0000000        4111.0000000           4.6832918         186.9650000           2.0000000          14.0000000          14.0000000
           8.0000000        8063.0000000        4138.0000000           4.6994669         186.9650000           2.0000000          14.0000000          14.0000000
           9.0000000        8068.0000000        4165.0000000           4.7091018         186.9650000           2.0000000          14.0000000          14.0000000
          10.0000000        8073.0000000        4219.0000000           4.6785578         186.9650000           2.0000000          14.0000000          14.0000000
          11.0000000        8078.0000000        4271.0000000           4.6639981         186.9650000           2.0000000          14.0000000          14.0000000
          12.0000000        8083.0000000        4271.0000000           4.8576043         186.9650000           2.0000000          14.0000000          14.0000000
          13.0000000        8087.0000000        9037.0000000           5.3904904         186.9650000           2.0000000          14.0000000          14.0000000
          14.0000000        8088.0000000       59369.0000000           3.9279178         186.9650000           2.0000000          14.0000000          14.0000000
          15.0000000        8098.0000000       51568.0000000           3.8855570         186.9650000           2.0000000          14.0000000          14.0000000
          16.0000000        8103.0000000       54680.0000000           3.7830847         186.9650000           2.0000000          14.0000000          14.0000000
          17.0000000        8107.0000000        9057.0000000           5.4685698         186.9650000           2.0000000          14.0000000          14.0000000
          18.0000000        8108.0000000       54680.0000000           3.9094084         186.9650000           2.0000000          14.0000000          14.0000000
          19.0000000        8112.0000000        9062.0000000           5.4871582         186.9650000           2.0000000          14.0000000          14.0000000
          20.0000000        8113.0000000       56352.0000000           4.0492896         186.9650000           2.0000000          14.0000000          14.0000000
          21.0000000        8127.0000000       50387.0000000           4.2084178         186.9650000           2.0000000          14.0000000          14.0000000
          22.0000000        8157.0000000       42305.0000000           4.3662035         186.9650000           2.0000000          14.0000000          14.0000000
          23.0000000        8172.0000000       42353.0000000           4.3667038         186.9650000           2.0000000          14.0000000          14.0000000
          24.0000000        8217.0000000       40406.0000000           4.9415615         186.9650000           2.0000000          14.0000000          14.0000000
          25.0000000        8809.0000000        4085.0000000           4.3031942         186.9650000           2.0000000          14.0000000          14.0000000
          26.0000000        8900.0000000       41390.0000000           4.8974187         186.9650000           2.0000000          14.0000000          14.0000000
          27.0000000        8914.0000000        9155.0000000           4.3482122         186.9650000           2.0000000          14.0000000          14.0000000
          28.0000000        8916.0000000        9145.0000000           4.2952043         186.9650000           2.0000000          14.0000000          14.0000000
          29.0000000        8920.0000000        9125.0000000           4.2010371         186.9650000           2.0000000          14.0000000          14.0000000
          30.0000000        8921.0000000        9120.0000000           4.1795409         186.9650000           2.0000000          14.0000000          14.0000000
          31.0000000        8922.0000000        9115.0000000           4.1581396         186.9650000           2.0000000          14.0000000          14.0000000
          32.0000000        8923.0000000        9110.0000000           4.1381136         186.9650000           2.0000000          14.0000000          14.0000000
          33.0000000        8924.0000000        9105.0000000           4.1178913         186.9650000           2.0000000          14.0000000          14.0000000
          34.0000000        8929.0000000        9080.0000000           4.0246118         186.9650000           2.0000000          14.0000000          14.0000000
          35.0000000        8932.0000000        9065.0000000           3.9693058         186.9650000           2.0000000          14.0000000          14.0000000
          36.0000000        8933.0000000        7688.0000000           3.5506167         186.9650000           2.0000000          14.0000000          14.0000000
          37.0000000        8934.0000000        7687.0000000           3.5223387         186.9650000           2.0000000          14.0000000          14.0000000
          38.0000000        8935.0000000        7686.0000000           3.4940994         186.9650000           2.0000000          14.0000000          14.0000000
          39.0000000        8936.0000000        7685.0000000           3.4661010         186.9650000           2.0000000          14.0000000          14.0000000
          40.0000000        8937.0000000        7684.0000000           3.4379362         186.9650000           2.0000000          14.0000000          14.0000000
          41.0000000        8938.0000000        7683.0000000           3.4093462         186.9650000           2.0000000          14.0000000          14.0000000
          42.0000000        8939.0000000        7682.0000000           3.3803160         186.9650000           2.0000000          14.0000000          14.0000000
