     0.70224839      0.70307744
     0.70224815      0.70307953
     0.70222861      0.70304918
     0.70227113      0.70310974
     0.70234868      0.70321636
     0.70233355      0.70319611
     0.70233320      0.70319223
     0.70234561      0.70320947
     0.70194166      0.70264484
     0.70191871      0.70261170
     0.70191528      0.70260650
     0.70188007      0.70255927
     0.70194489      0.70265113
     0.70159016      0.70216976
     0.70158985      0.70216849
     0.70158737      0.70216619
     0.70154493      0.70210601
     0.70160145      0.70219199
     0.70129345      0.70176172
     0.70130847      0.70178619
     0.70128976      0.70176220
     0.70128371      0.70175368
     0.70127482      0.70173504
     0.70109300      0.70149065
     0.70108318      0.70147667
     0.70108576      0.70147791
     0.70107912      0.70146899
     0.70109344      0.70149558
     0.70097242      0.70132692
     0.70097248      0.70132795
     0.70097973      0.70133788
     0.70097167      0.70132584
     0.70097661      0.70133684
     0.70091164      0.70124973
     0.70092308      0.70126114
     0.70090735      0.70124168
     0.70091263      0.70125315
     0.70091491      0.70125051
     0.70220728      0.70301135
     0.70219704      0.70299728
     0.70219294      0.70298957
     0.70222576      0.70304292
     0.70219670      0.70299483
