     0.70057453      0.70078506
     0.70052858      0.70072181
     0.70057432      0.70078573
     0.70053104      0.70072367
     0.70057688      0.70078865
     0.70054234      0.70074141
     0.70049695      0.70067892
     0.70059372      0.70080952
     0.70059048      0.70080417
     0.70059283      0.70080643
     0.70033260      0.70045205
     0.70033383      0.70045373
     0.70032204      0.70043684
     0.70033398      0.70045416
     0.70033277      0.70045214
     0.70040836      0.70055484
     0.70040868      0.70055533
     0.70039838      0.70054068
     0.70040958      0.70055617
     0.70040998      0.70055656
     0.70049312      0.70066997
     0.70049116      0.70066621
     0.70048549      0.70065884
     0.70049029      0.70066635
     0.70049335      0.70067050
     0.70055721      0.70075787
     0.70055608      0.70075630
     0.70054962      0.70074656
     0.70055482      0.70075357
     0.70055569      0.70075516
