     0.70138305      0.70240667
     0.70164394      0.70271641
     0.70388979      0.70672737
     0.70493875      0.70873800
     0.70545201      0.70957583
     0.70603298      0.71111878
     0.70493318      0.70828099
     0.70489070      0.70814640
     0.70466033      0.70774056
     0.70428921      0.70699690
     0.70430825      0.70698941
     0.70391509      0.70633310
     0.70370971      0.70602931
     0.70323424      0.70519352
     0.70298996      0.70482471
     0.70280084      0.70454598
     0.70238030      0.70385564
     0.70206094      0.70333736
     0.70166017      0.70267133
     0.70219360      0.70333766
     0.70230840      0.70354916
     0.70292108      0.70451269
     0.70349628      0.70545858
     0.70414386      0.70656971
     0.70442916      0.70713403
     0.70476544      0.70775512
     0.70469462      0.70781078
     0.70464305      0.70796781
     0.70427033      0.70675608
     0.70433147      0.70681294
     0.70387453      0.70600270
     0.70402541      0.70630436
     0.70459005      0.70734816
     0.70458369      0.70719086
     0.70451695      0.70700557
     0.70313565      0.70537159
     0.70353802      0.70611219
