           1.0000000        2892.0000000       16708.0000000           5.6598745         119.0000000           2.0000000          14.0000000          14.0000000
           2.0000000        2893.0000000       17008.0000000           4.1380558         119.0000000           2.0000000          14.0000000          14.0000000
           3.0000000        2896.0000000       16635.0000000           8.5931621         119.0000000           2.0000000          14.0000000          14.0000000
           4.0000000        2900.0000000       52833.0000000           7.4017537         119.0000000           2.0000000          14.0000000          14.0000000
           5.0000000        2901.0000000       54455.0000000          10.8629226         119.0000000           2.0000000          14.0000000          14.0000000
           6.0000000        2904.0000000       53543.0000000          11.6498933         119.0000000           2.0000000          14.0000000          14.0000000
           7.0000000        2908.0000000       53543.0000000          11.6533270         119.0000000           2.0000000          14.0000000          14.0000000
           8.0000000        2909.0000000       56601.0000000           6.6710711         119.0000000           2.0000000          14.0000000          14.0000000
           9.0000000        2912.0000000       51505.0000000           9.2041378         119.0000000           2.0000000          14.0000000          14.0000000
          10.0000000        2916.0000000       51505.0000000           9.1218169         119.0000000           2.0000000          14.0000000          14.0000000
          11.0000000        2917.0000000       56331.0000000          11.5966798         119.0000000           2.0000000          14.0000000          14.0000000
          12.0000000        2920.0000000       57964.0000000          11.1550268         119.0000000           2.0000000          14.0000000          14.0000000
          13.0000000        2924.0000000       57964.0000000          11.0236078         119.0000000           2.0000000          14.0000000          14.0000000
          14.0000000        2928.0000000       58209.0000000           6.9065563         119.0000000           2.0000000          14.0000000          14.0000000
          15.0000000        2929.0000000       58209.0000000           6.9368681         119.0000000           2.0000000          14.0000000          14.0000000
          16.0000000        2932.0000000       58209.0000000           6.8886132         119.0000000           2.0000000          14.0000000          14.0000000
