           1.0000000         414.0000000       11901.0000000          15.8940125          18.0000000           2.0000000          14.0000000          14.0000000
           2.0000000         415.0000000       26889.0000000          13.2503412          18.0000000           2.0000000          14.0000000          14.0000000
           3.0000000         416.0000000       27604.0000000          15.7308641          18.0000000           2.0000000          14.0000000          14.0000000
           4.0000000         417.0000000       27604.0000000          15.7607757          18.0000000           2.0000000          14.0000000          14.0000000
           5.0000000         418.0000000       17920.0000000           7.0310955          18.0000000           2.0000000          14.0000000          14.0000000
           6.0000000         419.0000000       11480.0000000           8.3579994          18.0000000           2.0000000          14.0000000          14.0000000
           7.0000000         420.0000000       26889.0000000          13.1919419          18.0000000           2.0000000          14.0000000          14.0000000
           8.0000000         421.0000000       30548.0000000          14.5910384          18.0000000           2.0000000          14.0000000          14.0000000
           9.0000000         422.0000000       29184.0000000          14.1125784          18.0000000           2.0000000          14.0000000          14.0000000
          10.0000000         423.0000000       29184.0000000          14.0795614          18.0000000           2.0000000          14.0000000          14.0000000
          11.0000000         424.0000000       11630.0000000           5.7960769          18.0000000           2.0000000          14.0000000          14.0000000
          12.0000000         425.0000000       27607.0000000          15.1102925          18.0000000           2.0000000          14.0000000          14.0000000
          13.0000000         426.0000000       30362.0000000          14.0114990          18.0000000           2.0000000          14.0000000          14.0000000
          14.0000000         427.0000000       30362.0000000          14.0551757          18.0000000           2.0000000          14.0000000          14.0000000
          15.0000000         428.0000000       26740.0000000          16.2991144          18.0000000           2.0000000          14.0000000          14.0000000
          16.0000000         429.0000000       11522.0000000          16.0424190          18.0000000           2.0000000          14.0000000          14.0000000
          17.0000000         430.0000000       28208.0000000          12.8459368          18.0000000           2.0000000          14.0000000          14.0000000
          18.0000000         431.0000000       30362.0000000          13.8824171          18.0000000           2.0000000          14.0000000          14.0000000
          19.0000000         432.0000000       30362.0000000          13.9248928          18.0000000           2.0000000          14.0000000          14.0000000
          20.0000000         433.0000000       26740.0000000          16.3955751          18.0000000           2.0000000          14.0000000          14.0000000
          21.0000000         434.0000000       12160.0000000          12.9283004          18.0000000           2.0000000          14.0000000          14.0000000
          22.0000000         435.0000000       28208.0000000          12.6491287          18.0000000           2.0000000          14.0000000          14.0000000
          23.0000000         436.0000000       28208.0000000          12.8614234          18.0000000           2.0000000          14.0000000          14.0000000
          24.0000000         437.0000000       30258.0000000          12.9647803          18.0000000           2.0000000          14.0000000          14.0000000
          25.0000000         438.0000000       27754.0000000          15.3232287          18.0000000           2.0000000          14.0000000          14.0000000
          26.0000000         439.0000000       11749.0000000          15.2503019          18.0000000           2.0000000          14.0000000          14.0000000
          27.0000000         440.0000000       28208.0000000          12.6432135          18.0000000           2.0000000          14.0000000          14.0000000
          28.0000000         441.0000000       29830.0000000          16.5580501          18.0000000           2.0000000          14.0000000          14.0000000
          29.0000000         442.0000000       30258.0000000          12.8812088          18.0000000           2.0000000          14.0000000          14.0000000
          30.0000000         443.0000000       27754.0000000          15.3604408          18.0000000           2.0000000          14.0000000          14.0000000
          31.0000000         444.0000000       11749.0000000          15.2271266          18.0000000           2.0000000          14.0000000          14.0000000
          32.0000000         445.0000000       28208.0000000          12.6944501          18.0000000           2.0000000          14.0000000          14.0000000
          33.0000000         446.0000000       29830.0000000          16.5237232          18.0000000           2.0000000          14.0000000          14.0000000
          34.0000000         447.0000000       30258.0000000          12.8799104          18.0000000           2.0000000          14.0000000          14.0000000
          35.0000000         448.0000000       27754.0000000          15.4364431          18.0000000           2.0000000          14.0000000          14.0000000
          36.0000000         456.0000000       11901.0000000          16.0404851          18.0000000           2.0000000          14.0000000          14.0000000
          37.0000000         457.0000000       26889.0000000          13.5446312          18.0000000           2.0000000          14.0000000          14.0000000
          38.0000000         458.0000000       27759.0000000          11.8031203          18.0000000           2.0000000          14.0000000          14.0000000
          39.0000000         459.0000000        1703.0000000           5.3761681          18.0000000           2.0000000          14.0000000          14.0000000
          40.0000000         460.0000000       17920.0000000           7.2810911          18.0000000           2.0000000          14.0000000          14.0000000
          41.0000000         468.0000000       29941.0000000          14.6473870          18.0000000           2.0000000          14.0000000          14.0000000
          42.0000000         469.0000000       30257.0000000          12.5368248          18.0000000           2.0000000          14.0000000          14.0000000
          43.0000000         470.0000000       29830.0000000          16.5240103          18.0000000           2.0000000          14.0000000          14.0000000
          44.0000000         471.0000000       26396.0000000          14.4338599          18.0000000           2.0000000          14.0000000          14.0000000
          45.0000000         472.0000000       11408.0000000          11.2053594          18.0000000           2.0000000          14.0000000          14.0000000
          46.0000000         575.0000000       29941.0000000          14.6740201          18.0000000           2.0000000          14.0000000          14.0000000
          47.0000000         576.0000000       29941.0000000          14.9428532          18.0000000           2.0000000          14.0000000          14.0000000
          48.0000000         580.0000000       30257.0000000          12.4860974          18.0000000           2.0000000          14.0000000          14.0000000
          49.0000000         581.0000000       30257.0000000          12.6883914          18.0000000           2.0000000          14.0000000          14.0000000
          50.0000000         585.0000000       30843.0000000          16.6691059          18.0000000           2.0000000          14.0000000          14.0000000
          51.0000000         586.0000000       30843.0000000          16.8079106          18.0000000           2.0000000          14.0000000          14.0000000
          52.0000000         590.0000000       26396.0000000          14.4728939          18.0000000           2.0000000          14.0000000          14.0000000
          53.0000000         591.0000000       26396.0000000          14.7531159          18.0000000           2.0000000          14.0000000          14.0000000
          54.0000000         595.0000000       11632.0000000          13.3296489          18.0000000           2.0000000          14.0000000          14.0000000
          55.0000000         596.0000000       11632.0000000          13.5064943          18.0000000           2.0000000          14.0000000          14.0000000
          56.0000000        1702.0000000       28758.0000000          12.9948777          18.0000000           2.0000000          14.0000000          14.0000000
          57.0000000        1703.0000000         432.0000000          11.8714167          18.0000000           2.0000000          14.0000000          14.0000000
          58.0000000        1704.0000000         422.0000000           5.7271381          18.0000000           2.0000000          14.0000000          14.0000000
          59.0000000        1729.0000000       30731.0000000          12.7380607          18.0000000           2.0000000          14.0000000          14.0000000
          60.0000000        1730.0000000         420.0000000           5.8608761          18.0000000           2.0000000          14.0000000          14.0000000
          61.0000000        1757.0000000       27607.0000000          16.3450021          18.0000000           2.0000000          14.0000000          14.0000000
          62.0000000        1758.0000000         422.0000000           5.2343785          18.0000000           2.0000000          14.0000000          14.0000000
