     0.70071480      0.70118856
     0.70085182      0.70143559
     0.70104244      0.70168870
     0.70126321      0.70203702
     0.70116994      0.70187544
     0.70151866      0.70243602
     0.70134899      0.70211167
     0.70123688      0.70191939
     0.70115530      0.70177117
     0.70108141      0.70165488
     0.70109550      0.70168177
     0.70104138      0.70160061
     0.70095239      0.70146108
     0.70092953      0.70144855
     0.70073602      0.70114391
     0.70072828      0.70114176
     0.70065955      0.70103434
     0.70061450      0.70096409
     0.70056676      0.70088920
     0.70044265      0.70082985
     0.70068431      0.70103068
     0.70071465      0.70107725
     0.70071408      0.70107667
     0.70093431      0.70142400
     0.70102827      0.70156605
     0.70115789      0.70176538
     0.70126008      0.70193365
     0.70131144      0.70205023
     0.70138611      0.70216368
     0.70148665      0.70233150
     0.70150525      0.70235463
     0.70158197      0.70249744
     0.70156290      0.70244850
     0.70165116      0.70259726
     0.70180968      0.70286174
     0.70185666      0.70292622
     0.70189491      0.70298982
     0.70193518      0.70306903
     0.70187305      0.70296121
     0.70139390      0.70214199
     0.70186653      0.70295302
     0.70201271      0.70323806
     0.70210319      0.70333270
     0.70216199      0.70344414
     0.70217151      0.70345822
     0.70203777      0.70324488
     0.70217299      0.70347894
     0.70216609      0.70346055
     0.70231430      0.70373185
     0.70216072      0.70343522
     0.70217976      0.70347110
     0.70206559      0.70334916
     0.70210178      0.70331586
     0.70059266      0.70091939
     0.70206434      0.70327480
     0.70076860      0.70123058
     0.70183725      0.70285506
     0.70071786      0.70113445
     0.70199829      0.70314984
     0.70075522      0.70119074
     0.70197143      0.70310243
     0.70083759      0.70133066
     0.70191734      0.70304702
     0.70091065      0.70144846
     0.70091469      0.70145429
     0.70189673      0.70298471
     0.70153572      0.70242295
     0.70135018      0.70207511
     0.70080008      0.70133097
     0.70079998      0.70132907
     0.70063342      0.70111345
     0.70153185      0.70233583
     0.70153664      0.70234194
     0.70154514      0.70236573
     0.70161198      0.70247577
     0.70181261      0.70282162
     0.70072521      0.70107620
     0.70070311      0.70103097
     0.70065759      0.70097000
     0.70057695      0.70095972
