     0.70073078      0.70116607
     0.70077147      0.70122568
     0.70175570      0.70271327
     0.70176461      0.70274150
     0.70162366      0.70249022
     0.70158088      0.70242231
     0.70156205      0.70239299
     0.70150245      0.70230219
     0.70146117      0.70223936
     0.70136580      0.70209877
     0.70129969      0.70199387
     0.70118555      0.70182196
     0.70114359      0.70175782
     0.70195278      0.70302119
     0.70194351      0.70298793
     0.70190919      0.70292557
     0.70197880      0.70304549
     0.70203940      0.70314588
     0.70202492      0.70311570
     0.70187555      0.70286904
     0.70200046      0.70307968
     0.70184645      0.70283255
     0.70181229      0.70278499
     0.70185485      0.70284785
     0.70182862      0.70281067
     0.70173926      0.70267512
     0.70161882      0.70250058
     0.70071837      0.70111783
     0.70071743      0.70112725
     0.70130036      0.70196634
     0.70138849      0.70210325
     0.70156522      0.70237419
     0.70166098      0.70252995
     0.70182086      0.70276103
     0.70180192      0.70274273
     0.70184992      0.70282468
     0.70181400      0.70275924
     0.70187635      0.70286621
     0.70178860      0.70272483
     0.70171830      0.70263016
     0.70168851      0.70259401
     0.70061650      0.70089893
     0.70070259      0.70101545
     0.70066182      0.70095883
     0.70076045      0.70110546
     0.70079677      0.70116084
     0.70084367      0.70122819
     0.70088249      0.70128593
     0.70090087      0.70131529
     0.70094299      0.70137771
     0.70101460      0.70148721
     0.70104343      0.70152138
     0.70072708      0.70111472
     0.70075895      0.70116772
     0.70082177      0.70129673
     0.70074025      0.70118931
     0.70085193      0.70143578
     0.70104254      0.70168887
     0.70126332      0.70203719
     0.70158467      0.70260181
     0.70117003      0.70187559
     0.70141388      0.70227833
     0.70151878      0.70243621
     0.70142171      0.70225096
     0.70115535      0.70177125
     0.70108146      0.70165496
     0.70109554      0.70168184
     0.70104143      0.70160069
     0.70095244      0.70146115
     0.70093264      0.70144813
     0.70090261      0.70138780
     0.70044719      0.70089854
     0.70056397      0.70094729
     0.70057399      0.70093021
     0.70056404      0.70092544
     0.70052836      0.70084636
