     0.70480528      0.70779543
     0.70560387      0.70918666
     0.70584058      0.70960989
     0.70557751      0.70897703
     0.70719237      0.71174663
     0.70654678      0.71046829
     0.70777835      0.71275916
     0.70862208      0.71372438
     0.70797932      0.71285278
     0.70761303      0.71184285
     0.70757658      0.71207225
     0.70722819      0.71149055
     0.70765531      0.71164428
     0.70754925      0.71124318
     0.70758024      0.71097437
     0.70773333      0.71121892
     0.70779093      0.71208146
     0.70771683      0.71195056
     0.70730196      0.71030118
     0.70626144      0.70896338
     0.70624713      0.70963839
     0.70681530      0.70968178
     0.70686092      0.70979110
     0.70732563      0.71053871
     0.70706631      0.71013975
     0.70660056      0.70967746
     0.70138323      0.70240697
     0.70164416      0.70271678
     0.70202557      0.70338119
     0.70258155      0.70428868
     0.70313693      0.70534710
     0.70389040      0.70672842
     0.70378114      0.70646235
     0.70493993      0.70874010
