     0.70292754      0.70584871
     0.70280291      0.70547820
     0.70263538      0.70554795
     0.70232732      0.70446889
     0.70241769      0.70459020
     0.70328129      0.70719980
     0.70298875      0.70609840
     0.70230383      0.70446832
     0.70282134      0.70496647
     0.70243775      0.70427472
     0.70294491      0.70480177
     0.70356463      0.70625327
     0.70306388      0.70535389
     0.70383829      0.70639857
     0.70295781      0.70465556
     0.70346870      0.70586028
     0.70284339      0.70500469
     0.70264722      0.70466524
     0.70286840      0.70494266
