           1.0000000         463.0000000         577.0000000           3.7088668          18.0000000           2.0000000          14.0000000          14.0000000
           2.0000000         484.0000000         576.0000000           3.7701761          18.0000000           2.0000000          14.0000000          14.0000000
           3.0000000         505.0000000         574.0000000           3.8266979          18.0000000           2.0000000          14.0000000          14.0000000
           4.0000000         526.0000000         609.0000000           2.8504955          18.0000000           2.0000000          14.0000000          14.0000000
           5.0000000         548.0000000       26029.0000000           5.3785016          18.0000000           2.0000000          14.0000000          14.0000000
           6.0000000         549.0000000       38888.0000000           5.8218824          18.0000000           2.0000000          14.0000000          14.0000000
           7.0000000         550.0000000       39710.0000000           6.1011025          18.0000000           2.0000000          14.0000000          14.0000000
           8.0000000         551.0000000       38324.0000000           6.6139891          18.0000000           2.0000000          14.0000000          14.0000000
           9.0000000         573.0000000       26029.0000000           5.8042749          18.0000000           2.0000000          14.0000000          14.0000000
          10.0000000         574.0000000       38888.0000000           6.1838952          18.0000000           2.0000000          14.0000000          14.0000000
          11.0000000         575.0000000       39710.0000000           6.5770455          18.0000000           2.0000000          14.0000000          14.0000000
          12.0000000         576.0000000       40292.0000000           4.3214795          18.0000000           2.0000000          14.0000000          14.0000000
          13.0000000         577.0000000       38324.0000000           7.0787122          18.0000000           2.0000000          14.0000000          14.0000000
          14.0000000         578.0000000       25996.0000000           5.5133847          18.0000000           2.0000000          14.0000000          14.0000000
          15.0000000         579.0000000       42499.0000000           4.9920059          18.0000000           2.0000000          14.0000000          14.0000000
          16.0000000         580.0000000       42499.0000000           4.9431428          18.0000000           2.0000000          14.0000000          14.0000000
          17.0000000         581.0000000       42180.0000000           5.9072516          18.0000000           2.0000000          14.0000000          14.0000000
          18.0000000         582.0000000       41029.0000000           4.2706227          18.0000000           2.0000000          14.0000000          14.0000000
          19.0000000         583.0000000       25994.0000000           7.5494794          18.0000000           2.0000000          14.0000000          14.0000000
          20.0000000         584.0000000       41031.0000000           5.0803044          18.0000000           2.0000000          14.0000000          14.0000000
          21.0000000         585.0000000       42498.0000000           6.1956195          18.0000000           2.0000000          14.0000000          14.0000000
          22.0000000         586.0000000       41910.0000000           6.7315894          18.0000000           2.0000000          14.0000000          14.0000000
          23.0000000         587.0000000       39721.0000000           6.3838830          18.0000000           2.0000000          14.0000000          14.0000000
          24.0000000         588.0000000       25459.0000000           5.4879795          18.0000000           2.0000000          14.0000000          14.0000000
          25.0000000         589.0000000       40976.0000000           6.6148569          18.0000000           2.0000000          14.0000000          14.0000000
          26.0000000         590.0000000       42498.0000000           6.2054900          18.0000000           2.0000000          14.0000000          14.0000000
          27.0000000         591.0000000       41910.0000000           6.6119904          18.0000000           2.0000000          14.0000000          14.0000000
          28.0000000         592.0000000       40413.0000000           4.3839856          18.0000000           2.0000000          14.0000000          14.0000000
          29.0000000         593.0000000       25753.0000000           5.9865456          18.0000000           2.0000000          14.0000000          14.0000000
          30.0000000         594.0000000       42156.0000000           6.2929559          18.0000000           2.0000000          14.0000000          14.0000000
          31.0000000         595.0000000       42156.0000000           6.6260926          18.0000000           2.0000000          14.0000000          14.0000000
          32.0000000         596.0000000       43453.0000000           6.7000711          18.0000000           2.0000000          14.0000000          14.0000000
          33.0000000         597.0000000       41911.0000000           4.4644799          18.0000000           2.0000000          14.0000000          14.0000000
          34.0000000         598.0000000       40778.0000000           5.1846494          18.0000000           2.0000000          14.0000000          14.0000000
          35.0000000         599.0000000       42156.0000000           6.2930374          18.0000000           2.0000000          14.0000000          14.0000000
          36.0000000         600.0000000       42526.0000000           7.6329878          18.0000000           2.0000000          14.0000000          14.0000000
          37.0000000         601.0000000       42592.0000000           4.0803293          18.0000000           2.0000000          14.0000000          14.0000000
          38.0000000         602.0000000       41911.0000000           4.5863673          18.0000000           2.0000000          14.0000000          14.0000000
          39.0000000         609.0000000       26029.0000000           5.9346230          18.0000000           2.0000000          14.0000000          14.0000000
          40.0000000         610.0000000       38888.0000000           6.3407393          18.0000000           2.0000000          14.0000000          14.0000000
          41.0000000         611.0000000       39710.0000000           6.7150128          18.0000000           2.0000000          14.0000000          14.0000000
          42.0000000         612.0000000         484.0000000           2.8692119          18.0000000           2.0000000          14.0000000          14.0000000
          43.0000000         613.0000000       38324.0000000           7.2615869          18.0000000           2.0000000          14.0000000          14.0000000
