           1.0000000         236.0000000        1374.0000000           1.9614514          11.2270000           2.0000000          14.0000000          14.0000000
           2.0000000         255.0000000        1390.0000000           2.3860203          11.2270000           2.0000000          14.0000000          14.0000000
           3.0000000         273.0000000        1406.0000000           3.1329619          11.2270000           2.0000000          14.0000000          14.0000000
           4.0000000         274.0000000        1397.0000000           2.3497109          11.2270000           2.0000000          14.0000000          14.0000000
           5.0000000         292.0000000        1405.0000000           2.6053883          11.2270000           2.0000000          14.0000000          14.0000000
           6.0000000         293.0000000        1396.0000000           1.9412771          11.2270000           2.0000000          14.0000000          14.0000000
           7.0000000         311.0000000        1412.0000000           2.5643465          11.2270000           2.0000000          14.0000000          14.0000000
           8.0000000         312.0000000        1403.0000000           1.9023158          11.2270000           2.0000000          14.0000000          14.0000000
           9.0000000         330.0000000        1419.0000000           2.5396226          11.2270000           2.0000000          14.0000000          14.0000000
          10.0000000         349.0000000        1418.0000000           2.0770323          11.2270000           2.0000000          14.0000000          14.0000000
          11.0000000         368.0000000        1425.0000000           2.0382094          11.2270000           2.0000000          14.0000000          14.0000000
          12.0000000         369.0000000        1424.0000000           1.8857010          11.2270000           2.0000000          14.0000000          14.0000000
          13.0000000         406.0000000        1439.0000000           2.0144822          11.2270000           2.0000000          14.0000000          14.0000000
          14.0000000         407.0000000        1609.0000000           1.5607327          11.2270000           2.0000000          14.0000000          14.0000000
          15.0000000         425.0000000        1437.0000000           1.5111256          11.2270000           2.0000000          14.0000000          14.0000000
          16.0000000         444.0000000        1444.0000000           1.4846982          11.2270000           2.0000000          14.0000000          14.0000000
          17.0000000         463.0000000        1451.0000000           1.4682584          11.2270000           2.0000000          14.0000000          14.0000000
          18.0000000         482.0000000        1458.0000000           1.4626185          11.2270000           2.0000000          14.0000000          14.0000000
          19.0000000         501.0000000        1465.0000000           1.4678866          11.2270000           2.0000000          14.0000000          14.0000000
          20.0000000         519.0000000        1474.0000000           1.7242601          11.2270000           2.0000000          14.0000000          14.0000000
          21.0000000         801.0000000        1367.0000000           1.9547535          11.2270000           2.0000000          14.0000000          14.0000000
          22.0000000      135199.0000000        1368.0000000           2.1375115          11.2270000           2.0000000          14.0000000          14.0000000
