     0.70149956      0.70238687
     0.70194788      0.70299779
     0.70136995      0.70215428
     0.70212226      0.70346408
     0.70183193      0.70291889
     0.70153690      0.70263608
     0.70170095      0.70272965
     0.70167389      0.70277032
     0.70175440      0.70277497
     0.70152860      0.70230028
     0.70137994      0.70212845
     0.70208725      0.70339539
     0.70152289      0.70237694
     0.70180358      0.70278989
     0.70160533      0.70272405
     0.70151426      0.70237706
     0.70177132      0.70279867
     0.70140748      0.70214387
     0.70196593      0.70308367
