     0.70054488      0.70073942
     0.70054542      0.70074089
     0.70053957      0.70073158
     0.70054505      0.70073888
     0.70055135      0.70074931
     0.70044118      0.70059960
     0.70044108      0.70059819
     0.70044830      0.70060854
     0.70045383      0.70061709
     0.70045274      0.70061580
     0.70035900      0.70048821
     0.70036386      0.70049442
     0.70035695      0.70048478
     0.70036486      0.70049603
     0.70036579      0.70049688
     0.70030710      0.70041699
     0.70030922      0.70042064
     0.70030633      0.70041588
     0.70031045      0.70042165
     0.70030981      0.70042035
     0.70028058      0.70038108
     0.70027861      0.70037868
     0.70027957      0.70038004
     0.70027928      0.70037962
     0.70028198      0.70038324
     0.70026641      0.70036228
     0.70026529      0.70036066
     0.70026567      0.70036155
     0.70026596      0.70036174
     0.70026807      0.70036454
     0.70025747      0.70035049
     0.70025941      0.70035339
     0.70026033      0.70035456
     0.70025839      0.70035182
     0.70026003      0.70035352
     0.70062867      0.70085321
     0.70062212      0.70084568
     0.70062423      0.70084868
     0.70061313      0.70083043
     0.70062588      0.70085141
     0.70025603      0.70034994
     0.70025134      0.70034364
     0.70025170      0.70034351
     0.70025538      0.70034917
     0.70025751      0.70035158
     0.70024062      0.70032879
     0.70019898      0.70026976
     0.70023971      0.70032808
     0.70020206      0.70027450
     0.70023597      0.70032279
     0.70020313      0.70027606
     0.70024116      0.70032949
     0.70020530      0.70027865
     0.70023893      0.70032677
     0.70020689      0.70028134
     0.70055843      0.70076216
     0.70060645      0.70082668
     0.70064764      0.70088430
     0.70059874      0.70081691
     0.70065857      0.70090029
     0.70067467      0.70091984
     0.70066042      0.70090385
