           1.0000000        2766.0000000       16585.0000000          11.4376794          18.0000000           2.0000000          14.0000000          14.0000000
           2.0000000        2767.0000000       16394.0000000           7.3380267          18.0000000           2.0000000          14.0000000          14.0000000
           3.0000000        2790.0000000       52231.0000000          17.0319081          18.0000000           2.0000000          14.0000000          14.0000000
           4.0000000        2791.0000000        3208.0000000           9.0762028          18.0000000           2.0000000          14.0000000          14.0000000
           5.0000000        2814.0000000       57786.0000000          14.5742368          18.0000000           2.0000000          14.0000000          14.0000000
           6.0000000        2815.0000000       54191.0000000          12.3723206          18.0000000           2.0000000          14.0000000          14.0000000
           7.0000000        2816.0000000       56839.0000000          15.2122950          18.0000000           2.0000000          14.0000000          14.0000000
           8.0000000        2862.0000000       17013.0000000          16.7755380          18.0000000           2.0000000          14.0000000          14.0000000
           9.0000000        2863.0000000       51679.0000000          15.9224770          18.0000000           2.0000000          14.0000000          14.0000000
          10.0000000        2864.0000000       56664.0000000          16.4184488          18.0000000           2.0000000          14.0000000          14.0000000
          11.0000000        3206.0000000       56663.0000000          11.6781463          18.0000000           2.0000000          14.0000000          14.0000000
          12.0000000        3207.0000000       56663.0000000          11.8002308          18.0000000           2.0000000          14.0000000          14.0000000
          13.0000000        3208.0000000       51679.0000000          15.4365193          18.0000000           2.0000000          14.0000000          14.0000000
          14.0000000        3209.0000000       17013.0000000          15.2927068          18.0000000           2.0000000          14.0000000          14.0000000
          15.0000000        3210.0000000       16585.0000000          11.2344008          18.0000000           2.0000000          14.0000000          14.0000000
          16.0000000        3211.0000000       56664.0000000          16.6255321          18.0000000           2.0000000          14.0000000          14.0000000
          17.0000000        3212.0000000       56664.0000000          16.7162321          18.0000000           2.0000000          14.0000000          14.0000000
          18.0000000        3213.0000000       56029.0000000          11.9030202          18.0000000           2.0000000          14.0000000          14.0000000
          19.0000000        3214.0000000       17033.0000000          14.6600037          18.0000000           2.0000000          14.0000000          14.0000000
          20.0000000        3215.0000000       17033.0000000          14.6546904          18.0000000           2.0000000          14.0000000          14.0000000
          21.0000000        3216.0000000       51884.0000000          12.7069108          18.0000000           2.0000000          14.0000000          14.0000000
          22.0000000        3217.0000000       54621.0000000          14.6688706          18.0000000           2.0000000          14.0000000          14.0000000
          23.0000000        3218.0000000       54621.0000000          14.5801199          18.0000000           2.0000000          14.0000000          14.0000000
          24.0000000        3219.0000000       17033.0000000          14.7464466          18.0000000           2.0000000          14.0000000          14.0000000
          25.0000000        3220.0000000       17437.0000000          10.1627983          18.0000000           2.0000000          14.0000000          14.0000000
          26.0000000        3221.0000000       17437.0000000          10.4351897          18.0000000           2.0000000          14.0000000          14.0000000
          27.0000000        3222.0000000       17033.0000000          14.9839194          18.0000000           2.0000000          14.0000000          14.0000000
          28.0000000        3223.0000000       54621.0000000          14.6867685          18.0000000           2.0000000          14.0000000          14.0000000
          29.0000000        3224.0000000       54621.0000000          14.7760975          18.0000000           2.0000000          14.0000000          14.0000000
          30.0000000        3225.0000000       51884.0000000          12.8729969          18.0000000           2.0000000          14.0000000          14.0000000
