           1.0000000         909.0000000       42983.0000000           4.6461607         119.0000000           2.0000000          14.0000000          14.0000000
           2.0000000         910.0000000       42802.0000000           7.7917355         119.0000000           2.0000000          14.0000000          14.0000000
           3.0000000         913.0000000       42981.0000000           3.4445344         119.0000000           2.0000000          14.0000000          14.0000000
           4.0000000         914.0000000       43588.0000000           5.4998404         119.0000000           2.0000000          14.0000000          14.0000000
           5.0000000         918.0000000       43183.0000000           6.7965137         119.0000000           2.0000000          14.0000000          14.0000000
           6.0000000         921.0000000       42977.0000000           6.9967596         119.0000000           2.0000000          14.0000000          14.0000000
           7.0000000         922.0000000       42977.0000000           7.0876883         119.0000000           2.0000000          14.0000000          14.0000000
           8.0000000         925.0000000       43179.0000000           5.0369860         119.0000000           2.0000000          14.0000000          14.0000000
           9.0000000         929.0000000       41620.0000000           8.7167674         119.0000000           2.0000000          14.0000000          14.0000000
          10.0000000         930.0000000       42300.0000000           4.9961504         119.0000000           2.0000000          14.0000000          14.0000000
          11.0000000         933.0000000       43180.0000000           6.7986308         119.0000000           2.0000000          14.0000000          14.0000000
          12.0000000         934.0000000       42300.0000000           4.7541832         119.0000000           2.0000000          14.0000000          14.0000000
          13.0000000         937.0000000       42307.0000000           3.8730295         119.0000000           2.0000000          14.0000000          14.0000000
          14.0000000         938.0000000       40694.0000000           6.4563040         119.0000000           2.0000000          14.0000000          14.0000000
          15.0000000         941.0000000       40616.0000000           4.3106058         119.0000000           2.0000000          14.0000000          14.0000000
          16.0000000         945.0000000       25568.0000000           7.2086449         119.0000000           2.0000000          14.0000000          14.0000000
          17.0000000         946.0000000       42001.0000000           5.3446654         119.0000000           2.0000000          14.0000000          14.0000000
          18.0000000         949.0000000       25433.0000000           3.4782749         119.0000000           2.0000000          14.0000000          14.0000000
          19.0000000         950.0000000       25434.0000000           3.0035894         119.0000000           2.0000000          14.0000000          14.0000000
