     0.70043053      0.70065894
     0.70043050      0.70064424
     0.70027589      0.70044239
     0.70045217      0.70070535
     0.70037901      0.70054589
     0.70048699      0.70074625
     0.70043581      0.70065848
     0.70047626      0.70073328
     0.70045518      0.70069449
     0.70028446      0.70043543
     0.70042556      0.70062639
     0.70044016      0.70066053
     0.70046693      0.70071043
     0.70044805      0.70067106
     0.70044338      0.70068232
     0.70049881      0.70079815
     0.70026486      0.70040170
     0.70042482      0.70065367
     0.70052327      0.70079648
     0.70048594      0.70074130
     0.70046087      0.70069708
     0.70036258      0.70053544
     0.70041185      0.70060499
     0.70030337      0.70046455
     0.70045957      0.70071614
     0.70047662      0.70073177
     0.70030422      0.70046698
     0.70032973      0.70048615
     0.70031658      0.70046283
     0.70031325      0.70046339
     0.70031528      0.70046241
     0.70031852      0.70046519
     0.70034304      0.70049873
     0.70030444      0.70046884
     0.70032336      0.70047120
