     0.71091386      0.71864482
     0.71080606      0.71848082
     0.70875916      0.71395001
     0.71039086      0.71828527
     0.70837860      0.71329193
     0.71065102      0.71913697
     0.70971118      0.71588268
     0.71174813      0.72096042
     0.70983635      0.71721311
     0.71146220      0.72104544
     0.71014550      0.71738845
     0.70945957      0.71601432
     0.71076128      0.71864127
     0.70897529      0.71516409
     0.71044286      0.71878859
     0.71019863      0.71811237
     0.71032324      0.71831231
     0.70895974      0.71509667
     0.70833220      0.71373310
     0.70875813      0.71519718
     0.71039797      0.71695377
     0.70998632      0.71718552
