           1.0000000      141479.0000000      162676.0000000           9.3080321         119.0000000           2.0000000          14.0000000          14.0000000
           2.0000000      141480.0000000      162891.0000000           9.6221245         119.0000000           2.0000000          14.0000000          14.0000000
           3.0000000      141484.0000000      162891.0000000           9.6415850         119.0000000           2.0000000          14.0000000          14.0000000
           4.0000000      141488.0000000      155520.0000000           8.6785772         119.0000000           2.0000000          14.0000000          14.0000000
           5.0000000      141492.0000000      155520.0000000           8.6445550         119.0000000           2.0000000          14.0000000          14.0000000
           6.0000000      141500.0000000      160679.0000000          10.0754355         119.0000000           2.0000000          14.0000000          14.0000000
           7.0000000      141504.0000000      156899.0000000           8.7195107         119.0000000           2.0000000          14.0000000          14.0000000
           8.0000000      141512.0000000      153759.0000000           9.3608096         119.0000000           2.0000000          14.0000000          14.0000000
           9.0000000      141515.0000000      154365.0000000           5.5637242         119.0000000           2.0000000          14.0000000          14.0000000
          10.0000000      141516.0000000      154531.0000000           5.9515600         119.0000000           2.0000000          14.0000000          14.0000000
