           1.0000000          30.0000000        4104.0000000           2.0379895         184.5700000           2.0000000          14.0000000          14.0000000
           2.0000000        6598.0000000       35652.0000000           4.9644274         184.5700000           2.0000000          14.0000000          14.0000000
           3.0000000        6610.0000000        7313.0000000           2.7026585         184.5700000           2.0000000          14.0000000          14.0000000
           4.0000000        6613.0000000       33578.0000000           5.7538673         184.5700000           2.0000000          14.0000000          14.0000000
           5.0000000        6614.0000000          44.0000000           2.4129265         184.5700000           2.0000000          14.0000000          14.0000000
           6.0000000        6615.0000000          44.0000000           2.2626584         184.5700000           2.0000000          14.0000000          14.0000000
           7.0000000        6910.0000000       43656.0000000           5.0801403         184.5700000           2.0000000          14.0000000          14.0000000
           8.0000000        6920.0000000        1607.0000000           7.0158309         184.5700000           2.0000000          14.0000000          14.0000000
           9.0000000        6925.0000000        1606.0000000           7.1426665         184.5700000           2.0000000          14.0000000          14.0000000
          10.0000000        6930.0000000       43597.0000000           4.8473042         184.5700000           2.0000000          14.0000000          14.0000000
          11.0000000        6935.0000000        1605.0000000           7.2818791         184.5700000           2.0000000          14.0000000          14.0000000
          12.0000000        6940.0000000        1604.0000000           7.5183197         184.5700000           2.0000000          14.0000000          14.0000000
          13.0000000        6950.0000000       41805.0000000           5.4832456         184.5700000           2.0000000          14.0000000          14.0000000
          14.0000000        6960.0000000       42733.0000000           4.1692184         184.5700000           2.0000000          14.0000000          14.0000000
          15.0000000        6970.0000000       43589.0000000           4.7618647         184.5700000           2.0000000          14.0000000          14.0000000
          16.0000000        6975.0000000       39734.0000000           6.8425802         184.5700000           2.0000000          14.0000000          14.0000000
          17.0000000        6976.0000000       39734.0000000           6.9014939         184.5700000           2.0000000          14.0000000          14.0000000
          18.0000000        6980.0000000       39734.0000000           6.8489081         184.5700000           2.0000000          14.0000000          14.0000000
          19.0000000        6981.0000000       39734.0000000           6.9004226         184.5700000           2.0000000          14.0000000          14.0000000
          20.0000000        6986.0000000       41683.0000000           5.5758189         184.5700000           2.0000000          14.0000000          14.0000000
          21.0000000        6991.0000000       41682.0000000           5.4754296         184.5700000           2.0000000          14.0000000          14.0000000
          22.0000000        6995.0000000       41682.0000000           5.6576998         184.5700000           2.0000000          14.0000000          14.0000000
          23.0000000        6996.0000000       41977.0000000           5.4805764         184.5700000           2.0000000          14.0000000          14.0000000
          24.0000000        7000.0000000       41510.0000000           5.0394316         184.5700000           2.0000000          14.0000000          14.0000000
          25.0000000        7001.0000000       41879.0000000           5.9506519         184.5700000           2.0000000          14.0000000          14.0000000
          26.0000000        7021.0000000       42208.0000000           5.7220785         184.5700000           2.0000000          14.0000000          14.0000000
          27.0000000        7040.0000000       42827.0000000           4.2756625         184.5700000           2.0000000          14.0000000          14.0000000
          28.0000000        7045.0000000       41526.0000000           4.6822914         184.5700000           2.0000000          14.0000000          14.0000000
          29.0000000        7046.0000000       42938.0000000           6.3953588         184.5700000           2.0000000          14.0000000          14.0000000
          30.0000000        7050.0000000       43594.0000000           7.3479297         184.5700000           2.0000000          14.0000000          14.0000000
          31.0000000        7055.0000000       41525.0000000           4.9198736         184.5700000           2.0000000          14.0000000          14.0000000
          32.0000000        7056.0000000       41525.0000000           4.8949215         184.5700000           2.0000000          14.0000000          14.0000000
          33.0000000        7057.0000000       42451.0000000           6.2743878         184.5700000           2.0000000          14.0000000          14.0000000
          34.0000000        7060.0000000       42847.0000000           5.0093071         184.5700000           2.0000000          14.0000000          14.0000000
          35.0000000        7061.0000000       42831.0000000           5.6616863         184.5700000           2.0000000          14.0000000          14.0000000
          36.0000000        7062.0000000       42831.0000000           5.5485240         184.5700000           2.0000000          14.0000000          14.0000000
          37.0000000        7065.0000000       42398.0000000           5.2607115         184.5700000           2.0000000          14.0000000          14.0000000
          38.0000000        7066.0000000       42398.0000000           5.2281598         184.5700000           2.0000000          14.0000000          14.0000000
          39.0000000        7067.0000000       41579.0000000           6.2742125         184.5700000           2.0000000          14.0000000          14.0000000
          40.0000000        7070.0000000       42467.0000000           4.4604269         184.5700000           2.0000000          14.0000000          14.0000000
          41.0000000        7075.0000000       42964.0000000           6.8666042         184.5700000           2.0000000          14.0000000          14.0000000
          42.0000000        7076.0000000       42832.0000000           5.3278227         184.5700000           2.0000000          14.0000000          14.0000000
          43.0000000        7077.0000000       42832.0000000           5.2727672         184.5700000           2.0000000          14.0000000          14.0000000
          44.0000000        7082.0000000       42464.0000000           5.6778678         184.5700000           2.0000000          14.0000000          14.0000000
          45.0000000        7085.0000000       43139.0000000           4.5671189         184.5700000           2.0000000          14.0000000          14.0000000
          46.0000000        7086.0000000       42212.0000000           5.6551174         184.5700000           2.0000000          14.0000000          14.0000000
          47.0000000        7091.0000000       42465.0000000           7.0574220         184.5700000           2.0000000          14.0000000          14.0000000
          48.0000000        7092.0000000       42212.0000000           5.8191199         184.5700000           2.0000000          14.0000000          14.0000000
          49.0000000        7097.0000000       41595.0000000           4.8034884         184.5700000           2.0000000          14.0000000          14.0000000
          50.0000000        7102.0000000       41595.0000000           4.9210145         184.5700000           2.0000000          14.0000000          14.0000000
          51.0000000        7106.0000000       43552.0000000           4.5251057         184.5700000           2.0000000          14.0000000          14.0000000
          52.0000000        7111.0000000       42849.0000000           5.4265442         184.5700000           2.0000000          14.0000000          14.0000000
          53.0000000        7289.0000000        6417.0000000           3.1795797         184.5700000           2.0000000          14.0000000          14.0000000
          54.0000000        7294.0000000        6422.0000000           3.1330130         184.5700000           2.0000000          14.0000000          14.0000000
          55.0000000        7299.0000000        6427.0000000           3.1005791         184.5700000           2.0000000          14.0000000          14.0000000
          56.0000000        7304.0000000        6432.0000000           3.0778192         184.5700000           2.0000000          14.0000000          14.0000000
          57.0000000        7309.0000000        6436.0000000           2.4557552         184.5700000           2.0000000          14.0000000          14.0000000
          58.0000000        7314.0000000        6441.0000000           2.4251537         184.5700000           2.0000000          14.0000000          14.0000000
          59.0000000        7380.0000000       42960.0000000           6.5225457         184.5700000           2.0000000          14.0000000          14.0000000
          60.0000000        7381.0000000       42960.0000000           6.6381562         184.5700000           2.0000000          14.0000000          14.0000000
          61.0000000        7382.0000000       43628.0000000           6.3485715         184.5700000           2.0000000          14.0000000          14.0000000
          62.0000000        7384.0000000       41510.0000000           5.1576351         184.5700000           2.0000000          14.0000000          14.0000000
          63.0000000        7388.0000000       40113.0000000           7.1458113         184.5700000           2.0000000          14.0000000          14.0000000
          64.0000000        7443.0000000        4219.0000000           2.1492232         184.5700000           2.0000000          14.0000000          14.0000000
          65.0000000        7444.0000000        4218.0000000           2.1338558         184.5700000           2.0000000          14.0000000          14.0000000
          66.0000000        7445.0000000        4217.0000000           2.1533495         184.5700000           2.0000000          14.0000000          14.0000000
          67.0000000        7446.0000000        4216.0000000           2.2004929         184.5700000           2.0000000          14.0000000          14.0000000
          68.0000000        7447.0000000        4215.0000000           2.2661262         184.5700000           2.0000000          14.0000000          14.0000000
          69.0000000        7448.0000000        4214.0000000           2.3452196         184.5700000           2.0000000          14.0000000          14.0000000
          70.0000000        7450.0000000        6411.0000000           2.6688925         184.5700000           2.0000000          14.0000000          14.0000000
