           1.0000000        1202.0000000         118.0000000           2.1739172         191.0400000           2.0000000          14.0000000          14.0000000
           2.0000000        1207.0000000         123.0000000           2.1425343         191.0400000           2.0000000          14.0000000          14.0000000
           3.0000000        1212.0000000         128.0000000           2.1143308         191.0400000           2.0000000          14.0000000          14.0000000
           4.0000000        1222.0000000         139.0000000           2.2858013         191.0400000           2.0000000          14.0000000          14.0000000
           5.0000000        1232.0000000         191.0000000           2.7498350         191.0400000           2.0000000          14.0000000          14.0000000
           6.0000000        1314.0000000       10213.0000000           4.1943236         191.0400000           2.0000000          14.0000000          14.0000000
           7.0000000        1322.0000000      159470.0000000           4.1884036         191.0400000           2.0000000          14.0000000          14.0000000
           8.0000000      138310.0000000      158291.0000000           3.9108082         191.0400000           2.0000000          14.0000000          14.0000000
           9.0000000      138325.0000000      160543.0000000           3.8049881         191.0400000           2.0000000          14.0000000          14.0000000
          10.0000000      138333.0000000      156976.0000000           4.4466347         191.0400000           2.0000000          14.0000000          14.0000000
          11.0000000      138334.0000000      156976.0000000           4.4240592         191.0400000           2.0000000          14.0000000          14.0000000
          12.0000000      138335.0000000      156976.0000000           4.4408376         191.0400000           2.0000000          14.0000000          14.0000000
          13.0000000      138345.0000000      159980.0000000           3.9979485         191.0400000           2.0000000          14.0000000          14.0000000
          14.0000000      138350.0000000      160520.0000000           4.6190623         191.0400000           2.0000000          14.0000000          14.0000000
          15.0000000      138355.0000000      156936.0000000           3.6378348         191.0400000           2.0000000          14.0000000          14.0000000
          16.0000000      138356.0000000      156936.0000000           3.6395564         191.0400000           2.0000000          14.0000000          14.0000000
          17.0000000      138361.0000000      160143.0000000           4.1562803         191.0400000           2.0000000          14.0000000          14.0000000
          18.0000000      138370.0000000      157533.0000000           4.0358234         191.0400000           2.0000000          14.0000000          14.0000000
          19.0000000      138376.0000000      162221.0000000           4.7270934         191.0400000           2.0000000          14.0000000          14.0000000
